0, 0, 2
1, 0, 2
2, 0, 2
3, 5.78074351579233, 2
4, 5.78074351579233, 2
5, 5.78074351579233, 2
6, 7.167037876912221, 2
7, 7.167037876912221, 2
8, 7.167037876912221, 2
9, 7.167037876912221, 2
10, 7.167037876912221, 2
11, 10.175192670464769, 2
12, 10.175192670464769, 2
13, 10.175192670464769, 2
14, 10.175192670464769, 2
15, 10.175192670464769, 2
16, 10.175192670464769, 2
17, 11.56148703158466, 2
18, 11.56148703158466, 2
19, 11.56148703158466, 2
20, 11.56148703158466, 2
21, 11.56148703158466, 2
22, 7.97796809312855, 2
23, 7.97796809312855, 2
24, 7.97796809312855, 2
25, 2.3915520742435152, 2
26, 4.534718167955823, 2
27, 7.121732434248024, 2
28, 7.435911825306748, 2
29, 8.46996404044627, 2
30, 2.442610989793396, 2
31, 4.481920632916248, 2
32, 2.4379073249069902, 2
33, 0.45529210577050755, 2
34, 2.8541946421547864, 2
35, 1.3162734084972547, 2
36, 1.2841282593522918, 2
37, 1.598929262834423, 2
38, 3.2849503897417835, 2
39, 3.0910849749077713, 2
40, 1.0734699059120185, 2
41, 4.420746350782939, 2
42, 3.9409162429738274, 2
43, 1.7376253447830052, 2
44, 0.02797248394947971, 2
45, 0.9928049058501864, 2
46, 0.11587804159087751, 2
47, 2.7840621653475655, 2
48, 2.6490464597355348, 2
49, 2.1155650163909887, 2
50, 8.630355557529963, 2
51, 12.447157866350981, 2
52, 14.909592975710297, 2
53, 13.719018632593798, 2
54, 14.184961781617096, 2
55, 20.63633980507809, 2
56, 20.663247562826985, 2
57, 20.67635533164372, 2
58, 26.744587449281013, 2
59, 19.332922922316982, 2
60, 20.01071437852971, 2
61, 21.590425059433862, 2
62, 21.745532157027096, 2
63, 21.69856646229408, 2
64, 19.07439276613644, 2
65, 19.104579360438695, 2
66, 18.85358328279367, 2
67, 18.89390840110264, 2
68, 18.903086414984447, 2
69, 18.93268346532648, 2
70, 9.740544947061618, 2
71, 9.726625053409427, 2
72, 8.767536566042457, 2
73, 13.662369123895738, 2
74, 13.579836008320571, 2
75, 15.180539719943193, 2
76, 15.361866861674388, 2
77, 15.304801116204887, 2
78, 15.235881958421704, 2
79, 15.176093810947457, 2
80, 15.229220570566921, 2
81, 15.230510676197715, 2
82, 15.206573102032504, 2
83, 15.184443780440398, 2
84, 15.207214877301034, 2
85, 15.165027899945969, 2
86, 15.171017769566546, 2
87, 15.151525634692591, 2
88, 15.14637681947276, 2
89, 15.156589498602711, 2
90, 18.59888765592259, 2
91, 14.810350249755185, 2
92, 14.812557205862529, 2
93, 14.789272713733371, 2
94, 14.817824317784591, 2
95, 17.331384436087856, 2
96, 17.353262955615783, 2
97, 17.357208175745708, 2
98, 17.353352544612747, 2
99, 17.385085317341524, 2
100, 17.417912384035237, 2
101, 17.373682938042432, 2
102, 17.333800921933737, 2
103, 17.39552489941999, 2
104, 17.3780325397197, 2
105, 17.356726649621525, 2
106, 17.368609218748755, 2
107, 17.35216570479445, 2
108, 17.332396912073207, 2
109, 17.332916710782385, 2
110, 17.357575498836027, 2
111, 14.685168240001516, 2
112, 14.686286592710779, 2
113, 14.681263741194874, 2
114, 14.686707811756376, 2
115, 16.482992768224374, 2
116, 16.050016204159277, 2
117, 16.041500216043445, 2
118, 16.065008084091378, 2
119, 16.041695571332376, 2
120, 16.049321776995626, 2
121, 16.042379765671765, 2
122, 16.062310066991387, 2
123, 16.071513229894112, 2
124, 16.07025772748448, 2
125, 16.045402689438543, 2
126, 16.053481132670196, 2
127, 16.046444394892884, 2
128, 16.035961244670254, 2
129, 16.044603417660376, 2
130, 18.827873308232203, 2
131, 18.824508616632947, 2
132, 18.823235918023215, 2
133, 18.823839868700897, 2
134, 18.8161767586464, 2
135, 18.817422144467994, 2
136, 21.586603124730352, 2
137, 21.584065493841162, 2
138, 21.577833406765095, 2
139, 21.576967119966405, 2
140, 21.577741709813917, 2
141, 21.58364221849885, 2
142, 24.424755050114356, 3
143, 23.728082360339002, 3
144, 21.65224219924809, 3
145, 23.134428370590307, 3
146, 21.714860906572778, 3
147, 22.262497090357932, 3
148, 22.142971731799793, 3
149, 21.761676797006935, 3
150, 21.82987563545072, 3
151, 21.576892439891875, 2
152, 21.583070941145348, 2
153, 21.638127061347717, 2
154, 23.081697151484143, 3
155, 23.282761046823623, 3
156, 27.964016993851214, 4
157, 27.728857506554714, 4
158, 27.480839824273406, 4
159, 27.937880214328807, 4
160, 27.80897752061032, 4
161, 27.671783146919008, 4
162, 27.824018085958183, 4
163, 27.764057844752077, 4
164, 27.87144983829695, 4
165, 27.636957893192868, 4
166, 27.735835524269884, 4
167, 27.65962257259572, 4
168, 27.500991522199495, 4
169, 27.657221564049262, 4
170, 27.658089677110656, 4
171, 27.54597577906937, 4
172, 27.488991784427913, 4
173, 27.588211620004113, 4
174, 27.549553075027735, 4
175, 27.523322271028942, 4
176, 27.5209483977851, 4
177, 27.472991849269345, 4
178, 27.532025802023067, 4
179, 27.67372939849201, 4
180, 27.5052082913317, 4
181, 27.491585233729023, 4
182, 27.557640374158044, 4
183, 27.537171587506588, 4
184, 27.48587954906851, 4
185, 27.633268167145577, 4
186, 27.628098360654946, 4
187, 27.515128984020716, 4
188, 27.573286258879445, 4
189, 27.44340020309954, 4
190, 27.469171729965087, 4
191, 27.508172293426096, 4
192, 22.467778771518567, 3
193, 22.41956955308351, 3
194, 22.46377855037721, 3
195, 22.465573182718035, 3
196, 22.425698902853977, 3
197, 22.425681186303017, 3
198, 22.445832044279715, 3
199, 22.44609975633653, 3
200, 22.471639469151203, 3
201, 22.459385499448082, 3
202, 22.427100749248464, 3
203, 22.444310324153395, 3
204, 19.645387956299306, 3
205, 19.677805522312486, 3
206, 19.653810816662414, 3
207, 19.68732497801492, 3
208, 19.662735183047765, 3
209, 19.64922235502756, 3
210, 19.649019666130453, 3
211, 19.64308264405624, 3
212, 19.680805972712818, 3
213, 19.64835423962529, 3
214, 21.310217538317367, 3
215, 21.271973538301108, 3
216, 21.30834438668515, 3
217, 21.281305072512165, 3
218, 21.29910172463968, 3
219, 21.276628488965283, 3
220, 21.29835559984559, 3
221, 21.301235622853092, 3
222, 21.271379127978925, 3
223, 21.27286764375853, 3
224, 21.272842348973253, 3
225, 21.271776062479752, 3
226, 21.30477159195479, 3
227, 19.641781941962655, 3
228, 19.667839005897974, 3
229, 19.64492508931117, 3
230, 19.642080425461504, 3
231, 19.655821299490057, 3
232, 19.661184640697485, 3
233, 19.671112979684096, 3
234, 19.66484618448748, 3
235, 19.64925162206501, 3
236, 19.65484575573467, 3
237, 19.654893467509922, 3
238, 19.658814717582025, 3
239, 19.67626662474616, 3
240, 19.671232736893213, 3
241, 19.669607197100067, 3
242, 19.669713626163546, 3
243, 19.64569767068684, 3
244, 19.645792061337804, 3
245, 19.642826099557087, 3
246, 19.648240402338935, 3
247, 19.662902253920016, 3
248, 19.653028271898506, 3
249, 19.644502007442913, 3
250, 19.66026641742609, 3
251, 19.647462617925534, 3
252, 19.650563204683785, 3
253, 19.627315207758112, 3
254, 19.66635046024347, 3
255, 19.640129923415778, 3
256, 19.659267290977787, 3
257, 19.63901114492832, 3
258, 19.644793113857332, 3
259, 20.37685430946371, 3
260, 20.39168907186853, 3
261, 23.171537248978325, 4
262, 23.200905010827114, 4
263, 23.191134407754348, 4
264, 23.19783423203593, 4
265, 23.161035444363996, 4
266, 23.246946656555032, 4
267, 23.2069067715001, 4
268, 23.18285292948147, 4
269, 23.17673740697932, 4
270, 23.177234844641404, 4
271, 23.197861799096756, 4
272, 23.18420576872213, 4
273, 23.19992667821159, 4
274, 23.170199021685214, 4
275, 23.166005573084398, 4
276, 23.169065408328166, 4
277, 23.1761926598214, 4
278, 23.208582543256718, 4
279, 23.201930208226226, 4
280, 23.16371224368357, 4
281, 23.19857119516154, 4
282, 23.195852781510112, 4
283, 23.173978302353326, 4
284, 23.194832994187237, 4
285, 23.214694325727894, 4
286, 23.17912010242526, 4
287, 23.17888882562, 4
288, 23.169047548456668, 4
289, 23.174641359072226, 4
290, 23.178447154189286, 4
291, 23.189112181401278, 4
292, 23.18630263940146, 4
293, 23.16340544356614, 4
294, 23.172392383119423, 4
295, 23.17411492294977, 4
296, 23.171924097402737, 4
297, 23.186663565583515, 4
298, 23.191635504274608, 4
299, 23.163310108805717, 4
300, 23.199157598018154, 4
301, 23.17354448358755, 4
302, 23.16672472445569, 4
303, 23.177258049322383, 4
304, 23.166592110573994, 4
305, 23.21005627565466, 4
306, 23.209747547404426, 4
307, 23.194656651948623, 4
308, 23.18386405662189, 4
309, 23.1757423536717, 4
310, 23.196459929855557, 4
311, 23.204365061168062, 4
312, 23.175797688725545, 4
313, 23.207356858114537, 4
314, 23.172454968129873, 4
315, 23.176557539788988, 4
316, 23.206312546295596, 4
317, 23.17061355692286, 4
318, 23.1645984582589, 4
319, 23.163029573546005, 4
320, 23.163011454324028, 4
321, 23.18651866779282, 4
322, 23.181538610081578, 4
323, 23.161035444363996, 4
324, 23.185940473277135, 4
325, 23.20337177767705, 4
326, 23.202994816947218, 4
327, 23.171301936362234, 4
328, 23.167169577029647, 4
329, 23.20201539875421, 4
330, 23.17814705430535, 4
331, 23.162874781184577, 4
332, 23.16901399167095, 4
333, 23.207630527604977, 4
334, 23.162836082835085, 4
335, 23.180801575310646, 4
336, 23.183670918813235, 4
337, 23.17054372417192, 4
338, 23.184361696220375, 4
339, 23.16861825807539, 4
340, 23.18310105078558, 4
341, 23.184997333670196, 4
342, 23.175644137262765, 4
343, 23.182381036103408, 4
344, 23.17266973249874, 4
345, 23.168279131396524, 4
346, 23.170452167449046, 4
347, 23.185088548093788, 4
348, 23.185496312598104, 4
349, 23.19383605802684, 4
350, 23.587257495140285, 4
351, 23.434728486442438, 4
352, 23.187587165553555, 4
353, 23.21082275862582, 4
354, 23.537633193320826, 4
355, 23.47353277659431, 4
356, 23.199188747027296, 4
357, 23.387427158975193, 4
358, 23.23985271009867, 4
359, 23.212616635416925, 4
360, 23.402722048251817, 4
361, 23.250431091992937, 4
362, 23.286665563131905, 4
363, 23.32167815573983, 4
364, 23.242261658200658, 4
365, 23.401930794305027, 4
366, 23.26254055435105, 4
367, 23.236007769724665, 4
368, 23.29321027110805, 4
369, 23.328637202208824, 4
370, 23.201053609640507, 4
371, 23.225431512949438, 4
372, 23.218913193703372, 4
373, 23.32025013414223, 4
374, 23.348433219505306, 4
375, 23.303065056714495, 4
376, 23.23399500612721, 4
377, 23.26521030778051, 4
378, 23.27102763087446, 4
379, 23.296346450944117, 4
380, 23.389079771327037, 4
381, 23.239898368001334, 4
382, 23.284364103478943, 4
383, 23.406782316756576, 4
384, 23.322124516574593, 4
385, 23.226543630995348, 4
386, 23.204185904047048, 4
387, 23.254528205234354, 4
388, 23.26848658988451, 4
389, 23.234373838615667, 4
390, 23.25452633416184, 4
391, 23.31292932304818, 4
392, 23.27371836131511, 4
393, 23.34363745831635, 4
394, 23.223457709973506, 4
395, 23.243945291792024, 4
396, 23.30129048740755, 4
397, 23.317953647983423, 4
398, 23.27522094480108, 4
399, 23.26111704548041, 4
400, 23.21982532332978, 4
401, 23.29972826422206, 4
402, 23.276828270343064, 4
403, 23.205602093728782, 4
404, 23.258640982827654, 4
405, 23.202319942813087, 4
406, 23.324817725561747, 4
407, 23.22312217009728, 4
408, 23.220179487078287, 4
409, 23.260921365196022, 4
410, 23.190041938733653, 4
411, 26.16434876765232, 4
412, 26.062256874454597, 4
413, 26.029082777047893, 4
414, 26.14771325855261, 4
415, 26.0162583998106, 4
416, 26.11647499631792, 4
417, 26.085249424106287, 4
418, 26.09944909886819, 4
419, 26.07537132794334, 4
420, 26.012310509284706, 4
421, 26.089542723214407, 4
422, 25.981671131280553, 4
423, 26.04950732615148, 4
424, 26.075339212256686, 4
425, 25.96504145250144, 4
426, 26.052814671463814, 4
427, 26.007572436263676, 4
428, 26.0673678253663, 4
429, 26.029078544784326, 4
430, 26.04769352132091, 4
431, 40.17097094885203, 4
432, 35.60183902214632, 4
433, 38.70897768712282, 4
434, 38.69494253121068, 4
435, 38.62844283636481, 4
436, 38.64071437656139, 4
437, 38.61424943949328, 4
438, 38.65030232894063, 4
439, 38.669540797434216, 4
440, 38.61159649185283, 4
441, 35.477205493311814, 4
442, 37.26182983389761, 4
443, 37.25460837356544, 4
444, 36.88158244753436, 4
445, 36.81863019060827, 4
446, 36.88210851743543, 4
447, 36.851479856313745, 4
448, 36.76569974338138, 4
449, 39.44722983229553, 4
450, 41.41185263566313, 4
451, 41.4443388450273, 4
452, 41.48418696546295, 4
453, 41.44422117828413, 4
454, 41.45250810027688, 4
455, 41.46602386812317, 4
456, 41.43408892419422, 4
457, 41.40023238818405, 4
458, 41.43960827834649, 4
459, 41.438766551653195, 4
460, 41.46676731751182, 4
461, 41.45745920175883, 4
462, 41.43332775022277, 4
463, 41.407047629961994, 4
464, 41.391063217661774, 4
465, 41.48845540250901, 4
466, 41.42572087419853, 4
467, 41.38972757795781, 4
468, 46.7578848606254, 4
469, 46.58151088267243, 4
470, 53.770633586356745, 4
471, 53.7391911649022, 4
472, 56.67965350423179, 4
473, 59.14222449999881, 4
474, 59.13865283920568, 4
475, 59.141121030218514, 4
476, 59.131746483459935, 4
477, 59.13471519970909, 4
478, 59.166686588245284, 4
479, 59.13811535254277, 4
480, 59.179865249204326, 4
481, 59.14363349308886, 4
482, 59.13329238978356, 4
483, 59.148619013537754, 4
484, 59.1418648434229, 4
485, 59.13163473455327, 4
486, 59.136451697826445, 4
487, 59.1303426831859, 4
488, 59.13770404406494, 4
489, 59.142752333813654, 4
490, 59.1384932523732, 4
491, 59.14738110853042, 4
492, 62.10651658207495, 4
493, 62.09047533467113, 4
494, 62.09421472038253, 4
495, 62.10532184078038, 4
496, 62.11389018794026, 4
497, 62.09405478973379, 4
498, 62.09672705518286, 4
499, 62.126029776580715, 4
500, 62.08770290386233, 4
501, 62.08770215429165, 4
502, 62.090096470286454, 4
503, 62.09070110689722, 4
504, 62.102824655047776, 4
505, 62.09038900585782, 4
506, 62.086760137207264, 4
507, 66.80907395877905, 5
508, 66.82976539621295, 5
509, 66.80954719626442, 5
510, 66.80472659384412, 5
511, 66.83779342676162, 5
512, 66.83172670176515, 5
513, 66.82074915116462, 5
514, 66.80981916893364, 5
515, 66.81988392163419, 5
516, 66.8123731629904, 5
517, 66.82363142166277, 5
518, 66.80768486375035, 5
519, 66.7950435322241, 5
520, 66.80778084012309, 5
521, 66.80768036207843, 5
522, 66.80642268640341, 5
523, 66.82388229855266, 5
524, 66.81171272076736, 5
525, 66.80368365159654, 5
526, 66.8517848283724, 5
527, 66.79907443327191, 5
528, 66.80272009588765, 5
529, 66.80082232362301, 5
530, 66.81215496038152, 5
531, 66.7960709387206, 5
532, 66.7873375744616, 5
533, 66.8193167045947, 5
534, 66.80297781226842, 5
535, 66.82325288842954, 5
536, 66.81569181760491, 5
537, 66.84051598919696, 5
538, 66.82552620926278, 5
539, 66.81624639014659, 5
540, 66.80424468878664, 5
541, 66.83245503873728, 5
542, 66.80350960669507, 5
543, 66.78210213108672, 5
544, 66.79885597621968, 5
545, 66.80287258039006, 5
546, 66.81808184096715, 5
547, 66.81469667057301, 5
548, 66.79174743639474, 5
549, 66.81041114881604, 5
550, 66.81306087136524, 5
551, 66.80947822161885, 5
552, 66.79223691405804, 5
553, 66.78647777037031, 5
554, 66.79528116595601, 5
555, 66.82038948252259, 5
556, 66.7841420791076, 5
557, 72.9001754304699, 6
558, 72.90598363196726, 6
559, 72.86363068721157, 6
560, 72.86570052243577, 6
561, 72.84598048907439, 6
562, 72.85674698693012, 6
563, 72.87615965391686, 6
564, 72.85605291780183, 6
565, 72.8402672905747, 6
566, 72.84990046321221, 6
567, 72.8899961005886, 6
568, 72.86882669438234, 6
569, 72.86011005066558, 6
570, 72.873426268725, 6
571, 72.84166052243376, 6
572, 72.82085722403477, 6
573, 72.82789537357479, 6
574, 72.84995626128287, 6
575, 72.85170110418366, 6
576, 72.84874406408356, 6
577, 72.85681156115821, 6
578, 72.85936955501971, 6
579, 72.84210227690815, 6
580, 72.82452738871281, 6
581, 72.85302135510457, 6
582, 72.85041287703369, 6
583, 72.89279669879363, 6
584, 72.86591306715783, 6
585, 72.83619160548032, 6
586, 72.82674850113187, 6
587, 72.84377076416231, 6
588, 72.8679118279675, 6
589, 72.85636883633761, 6
590, 72.85370328853053, 6
591, 72.8618916492753, 6
592, 72.82739568490048, 6
593, 72.86319351999863, 6
594, 72.88266074967107, 6
595, 72.87825412338925, 6
596, 72.82600553415885, 6
597, 72.85343213144375, 6
598, 72.8617604125836, 6
599, 72.84089840299711, 6
600, 72.8466921331726, 6
601, 72.84176158617011, 6
602, 72.87574746562171, 6
603, 72.8648903225253, 6
604, 72.8565094979366, 6
605, 72.88397778031774, 6
606, 72.83786315238807, 6
607, 72.84185886899276, 6
608, 72.81857680407398, 6
609, 72.87016547854944, 6
610, 72.84038086434269, 6
611, 72.86111146575314, 6
612, 72.8326739957539, 6
613, 72.82533025623017, 6
614, 72.84169516585953, 6
615, 72.83076037108206, 6
616, 72.81816598299923, 6
617, 72.84893017675623, 6
618, 72.85790699617989, 6
619, 72.83672570350147, 6
620, 72.86359253554373, 6
621, 72.85307664492369, 6
622, 72.8555430490293, 6
623, 72.84625780258031, 6
624, 72.8172694672206, 6
625, 72.85577684040767, 6
626, 72.8191403028411, 6
627, 72.82763579320628, 6
628, 72.82941771352345, 6
629, 72.83928293891051, 6
630, 72.83577080549767, 6
631, 72.85805271584668, 6
632, 72.81742627182126, 6
633, 72.83120214855232, 6
634, 72.83190935266063, 6
635, 72.84979492023066, 6
636, 72.82793704070322, 6
637, 72.8329234888746, 6
638, 72.84018538454214, 6
639, 72.85298420959691, 6
640, 72.86250285281731, 6
641, 72.83439134537353, 6
642, 72.83854202749207, 6
643, 72.8495309669145, 6
644, 72.84984961199754, 6
645, 72.819430451242, 6
646, 72.8289358263718, 6
647, 72.83374548519112, 6
648, 72.84244219884859, 6
649, 72.83871789480912, 6
650, 72.8388159485259, 6
651, 72.82275890348318, 6
652, 72.84119233991663, 6
653, 72.84170908607109, 6
654, 72.82866741588289, 6
655, 72.82038178208543, 6
656, 72.86109740309661, 6
657, 72.82698612820927, 6
658, 72.8412674453852, 6
659, 72.84973079430385, 6
660, 72.83236165812953, 6
661, 72.8191834169369, 6
662, 72.83837611167662, 6
663, 72.85420482736886, 6
664, 72.85272274958314, 6
665, 72.82853413420864, 6
666, 72.82714698431886, 6
667, 72.82993227427293, 6
668, 72.83160735849093, 6
669, 72.84041541635007, 6
670, 72.83875601717756, 6
671, 72.82597796194445, 6
672, 72.84014256147574, 6
673, 72.84466276155125, 6
674, 72.84724886481956, 6
675, 72.82341452342567, 6
676, 72.81956787048198, 6
677, 72.82371948526323, 6
678, 72.83136422926692, 6
679, 72.83953855023789, 6
680, 72.82352776092742, 6
681, 72.82362159133145, 6
682, 72.85995910185812, 6
683, 72.84168769995014, 6
684, 72.82506888633077, 6
685, 72.84100299372145, 6
686, 72.82623937280673, 6
687, 72.82313404822115, 6
688, 72.84055266416692, 6
689, 72.8419941567374, 6
690, 72.8210587180684, 6
691, 72.81696673524655, 6
692, 72.82717015823155, 6
693, 72.8305197337, 6
694, 72.81896371517334, 6
695, 72.84380430488939, 6
696, 72.82896075749383, 6
697, 72.8289049098088, 6
698, 72.83425348324842, 6
699, 72.81864816186328, 6
700, 72.84900053714539, 6
701, 72.82713520688617, 6
702, 72.82859625811867, 6
703, 72.83031064984249, 6
704, 72.85638107926542, 6
705, 72.84511787368669, 6
706, 72.83247220244189, 6
707, 72.84153607374718, 6
708, 72.82381773991833, 6
709, 72.84604721270914, 6
710, 72.83562934147007, 6
711, 72.83322254797439, 6
712, 72.82985855624743, 6
713, 72.82285825337519, 6
714, 72.82181830862238, 6
715, 72.82777258589084, 6
716, 72.82772025831007, 6
717, 72.84814671726002, 6
718, 72.83923659054281, 6
719, 72.8147846020988, 6
720, 72.83027357078778, 6
721, 72.83240424774179, 6
722, 72.83883584748793, 6
723, 72.83230419273274, 6
724, 72.84886518058362, 6
725, 72.84425807341414, 6
726, 72.82646146241377, 6
727, 72.82139148012142, 6
728, 72.82609804370946, 6
729, 72.81464530100133, 6
730, 72.82580704314594, 6
731, 72.83572219284015, 6
732, 72.8396196234121, 6
733, 72.8271682621621, 6
734, 72.8231139835271, 6
735, 72.81646363425905, 6
736, 72.83786324578612, 6
737, 72.83691494334587, 6
738, 72.83514154630014, 6
739, 72.83897353668232, 6
740, 72.82503462621993, 6
741, 72.82244489502769, 6
742, 72.82275063438718, 6
743, 72.83156401579143, 6
744, 72.82980376783108, 6
745, 72.84240534681645, 6
746, 72.82787175055131, 6
747, 72.82914960202618, 6
748, 72.82390083569501, 6
749, 72.84449327354233, 6
750, 72.82182851101796, 6
751, 72.83080905960311, 6
752, 72.83074774524478, 6
753, 72.8220202021651, 6
754, 72.83847383006238, 6
755, 72.8302294299123, 6
756, 72.82557839412553, 6
757, 78.80167388603388, 6
758, 78.80652124238733, 6
759, 78.99328429086532, 6
760, 78.7996208116954, 6
761, 78.8326895251054, 6
762, 83.97096270299136, 6
763, 84.83441242686182, 6
764, 84.72437962646126, 6
765, 84.66016809582008, 6
766, 84.69174736725526, 6
767, 84.19965176644034, 6
768, 84.47227200286946, 6
769, 84.40803316625892, 6
770, 84.10520132361994, 6
771, 92.14403267752344, 6
772, 92.0356272243318, 6
773, 92.05138531190929, 6
774, 92.03812373483113, 6
775, 91.90349121591674, 6
776, 92.09782651307232, 6
777, 91.84080859245397, 6
778, 92.008130894687, 6
779, 92.0737043504008, 6
780, 91.84695730112885, 6
781, 92.00408047265189, 6
782, 91.79584655706374, 6
783, 91.86761800872242, 6
784, 92.00405650789662, 6
785, 92.02734152384765, 6
786, 91.88994515563101, 6
787, 95.60575417782191, 6
788, 95.62028798301294, 6
789, 99.51831051624006, 6
790, 99.5146353376714, 6
791, 99.48540015250727, 6
792, 99.41175566668223, 6
793, 99.37212086584526, 6
794, 99.55339131652411, 6
795, 99.55713745948258, 6
796, 99.49043049572319, 6
797, 99.53088814139667, 6
798, 99.55966662976351, 6
799, 103.2337413653169, 6
800, 103.29230858412656, 6
801, 103.27367677818376, 6
802, 110.40888040617406, 7
803, 110.27803733859733, 7
804, 110.41950601716357, 7
805, 110.21884498871657, 7
806, 110.33004649142404, 7
807, 110.29247981985642, 7
808, 110.26808285110187, 7
809, 110.3994225010714, 7
810, 110.27719983448267, 7
811, 110.30695921928657, 7
812, 110.3226971114504, 7
813, 110.35032058185737, 7
814, 116.85011223517458, 7
815, 125.37962560537841, 7
816, 125.39762492340142, 7
817, 134.26422907519554, 7
818, 134.2970205102671, 7
819, 134.25479012153986, 7
820, 134.28480432756075, 7
821, 138.75110121364685, 7
822, 138.7613398225314, 7
823, 133.03449427163864, 7
824, 133.00710745095415, 7
825, 133.04900258780287, 7
826, 133.05953837932194, 7
827, 133.03246234333974, 7
828, 133.03958238565303, 7
829, 132.98124787851663, 7
830, 133.01785546365372, 7
831, 133.01975030513387, 7
832, 133.04223306339742, 7
833, 133.04884862297072, 7
834, 136.991803176207, 7
835, 136.997989070992, 7
836, 136.989720469054, 7
837, 136.98801967387595, 7
838, 136.9949677069676, 7
839, 136.99130183194904, 7
840, 136.99746690249358, 7
841, 136.98838482210203, 7
842, 136.99601980102796, 7
843, 136.98952420457698, 7
844, 136.9848477356172, 7
845, 136.98416982666484, 7
846, 137.02198898154097, 7
847, 136.98186732506576, 7
848, 137.0059766880153, 7
849, 137.0008241774908, 7
850, 136.993355487101, 7
851, 136.9882079878283, 7
852, 136.9769157565834, 7
853, 136.99512855913767, 7
854, 136.98395059812069, 7
855, 136.9798992860304, 7
856, 137.00355180180577, 7
857, 136.98974850887194, 7
858, 136.96884288637202, 7
859, 136.9989511714175, 7
860, 136.99773365979337, 7
861, 136.97734933836702, 7
862, 136.99969191870866, 7
863, 136.99405430328915, 7
864, 137.00471061854017, 7
865, 136.99501055404636, 7
866, 136.98846376610797, 7
867, 136.98511978730383, 7
868, 136.97736919793957, 7
869, 136.98703919787528, 7
870, 136.97032705855867, 7
871, 136.9849024799684, 7
872, 136.98592787519533, 7
873, 136.97232876425363, 7
874, 136.97520116339206, 7
875, 136.98325489882237, 7
876, 136.96522970790076, 7
877, 136.9786633493513, 7
878, 136.97137128794776, 7
879, 136.97894731201828, 7
880, 136.97935306162296, 7
881, 136.97264697122017, 7
882, 136.9728933505136, 7
883, 137.0150103961401, 7
884, 136.97685107114532, 7
885, 136.98963015455303, 7
886, 136.99000387175943, 7
887, 136.98430673111682, 7
888, 137.0008680405908, 7
889, 136.98286844362084, 7
890, 136.97982887297474, 7
891, 136.9732429457813, 7
892, 136.96885320721222, 7
893, 136.98541373381582, 7
894, 136.97382645938487, 7
895, 136.99305560979946, 7
896, 137.00092866187714, 7
897, 136.98476975298576, 7
898, 136.96647198060987, 7
899, 136.96879084140494, 7
900, 136.98087427616835, 7
901, 136.9710684379779, 7
902, 136.96978458095012, 7
903, 136.9796453335143, 7
904, 136.9643043098079, 7
905, 136.96923388680193, 7
906, 136.96669744570275, 7
907, 136.98233052102523, 7
908, 136.97164714624634, 7
909, 136.95682045728404, 7
910, 136.9798501586977, 7
911, 136.9776365268978, 7
912, 137.00406561580877, 7
913, 136.97762240127932, 7
914, 136.98811434881142, 7
915, 136.97064489801795, 7
916, 136.97501964101804, 7
917, 136.96597183553155, 7
918, 136.96068855175676, 7
919, 136.96026603560722, 7
920, 136.96076968605837, 7
921, 136.96823671679732, 7
922, 136.9713648987913, 7
923, 136.96233696573273, 7
924, 136.96279199212285, 7
925, 136.963174398865, 7
926, 136.97571558760302, 7
927, 136.9619264176015, 7
928, 136.98433080750002, 7
929, 136.95777169494212, 7
930, 144.83802314809773, 8
931, 144.8390684186122, 8
932, 144.84528729905333, 8
933, 144.8632432002869, 8
934, 144.85595745819703, 8
935, 144.84599497923577, 8
936, 144.8539014517306, 8
937, 144.85043731492254, 8
938, 144.85179609237377, 8
939, 144.85242983141472, 8
940, 144.83573319419312, 8
941, 144.83975002204136, 8
942, 144.8401884216624, 8
943, 144.83960034600247, 8
944, 144.84892691360713, 8
945, 144.8428089050172, 8
946, 144.84087421487746, 8
947, 144.83643901476586, 8
948, 144.8715530093271, 8
949, 144.83198866044503, 8
950, 144.84090010301844, 8
951, 144.83916277262162, 8
952, 144.84413553277744, 8
953, 144.8533469871691, 8
954, 144.85370592975892, 8
955, 144.84728726588975, 8
956, 144.84506310428094, 8
957, 144.8270136484055, 8
958, 144.8359672584096, 8
959, 144.83863552355632, 8
960, 144.83401304156587, 8
961, 144.84876521347059, 8
962, 144.84513140872693, 8
963, 144.8368685121854, 8
964, 144.82973638482082, 8
965, 144.86031834342825, 8
966, 144.84648440759136, 8
967, 144.85665382235848, 8
968, 144.84289563174264, 8
969, 144.84681019460334, 8
970, 144.84960614354227, 8
971, 144.85364137708734, 8
972, 144.85462968257556, 8
973, 144.84237572460555, 8
974, 144.84229377055001, 8
975, 144.84331520843526, 8
976, 144.8285705435407, 8
977, 144.85553324645448, 8
978, 144.85210256663677, 8
979, 144.8372734797051, 8
980, 144.85011960778797, 8
981, 144.83111986088363, 8
982, 144.84045563285838, 8
983, 144.82962130398167, 8
984, 144.82728975978534, 8
985, 144.82820229567608, 8
986, 144.83827238999933, 8
987, 144.84095555604029, 8
988, 144.8524927171077, 8
989, 144.85112418956717, 8
990, 144.86560700188392, 8
991, 144.84203303064598, 8
992, 144.84859211611442, 8
993, 144.8352879500925, 8
994, 144.8304425816616, 8
995, 144.84580998747666, 8
996, 144.83928594486687, 8
997, 144.8378279063996, 8
998, 144.83979946448906, 8
999, 144.8425449003997, 8
1000, 144.84325778663217, 8
1001, 144.8384455265537, 8
1002, 144.85395142892756, 8
1003, 144.83700332467268, 8
1004, 144.84665380921425, 8
1005, 144.84322165820805, 8
1006, 144.84223363925102, 8
1007, 144.8294372164883, 8
1008, 144.84198629850502, 8
1009, 144.83579429895303, 8
1010, 144.84541141821745, 8
1011, 144.85549622317916, 8
1012, 144.83059474475309, 8
1013, 144.8677185943063, 8
1014, 144.8410904331777, 8
1015, 144.84546824492503, 8
1016, 144.8264742839532, 8
1017, 144.85183200940568, 8
1018, 144.83507685130368, 8
1019, 144.84933784711018, 8
1020, 144.85425615793918, 8
1021, 144.83172794590672, 8
1022, 144.85455248944407, 8
1023, 144.83595643267037, 8
1024, 144.85426798910467, 8
1025, 144.84678698122187, 8
1026, 144.84361012441855, 8
1027, 144.84455957780693, 8
1028, 144.83651377061614, 8
1029, 144.83976965586965, 8
1030, 144.83916503753736, 8
1031, 144.85563075350078, 8
1032, 144.8413909508258, 8
1033, 144.83514385921353, 8
1034, 144.8288914537108, 8
1035, 144.83972538350918, 8
1036, 144.83637629322652, 8
1037, 144.85010717754943, 8
1038, 144.84925774301274, 8
1039, 144.84542510768063, 8
1040, 144.8311638776531, 8
1041, 144.85466544315776, 8
1042, 144.83326083865802, 8
1043, 144.84065839186675, 8
1044, 144.85315354424154, 8
1045, 144.83409684521732, 8
1046, 144.8337715610954, 8
1047, 144.84984136075153, 8
1048, 144.8378131444846, 8
1049, 144.83887629124249, 8
1050, 144.84962068387046, 8
1051, 144.83644766363292, 8
1052, 144.8553432039581, 8
1053, 144.8442249057328, 8
1054, 144.83249419489124, 8
1055, 144.82448657460301, 8
1056, 144.84357984995546, 8
1057, 144.83147271982187, 8
1058, 144.83713356510285, 8
1059, 144.837242233368, 8
1060, 144.8413050592402, 8
1061, 144.85885403578263, 8
1062, 144.84815984589318, 8
1063, 144.8464402477031, 8
1064, 144.83561276142845, 8
1065, 144.84847692693086, 8
1066, 144.8348150691891, 8
1067, 144.83966663205535, 8
1068, 144.83270629285525, 8
1069, 144.83138001553425, 8
1070, 144.8446319628195, 8
1071, 144.85903797687212, 8
1072, 144.8447169312814, 8
1073, 144.84911334254176, 8
1074, 144.82783367187523, 8
1075, 144.8484418092376, 8
1076, 144.8282054514512, 8
1077, 144.84642332702649, 8
1078, 144.82988448411982, 8
1079, 144.84537292737028, 8
1080, 144.848070213762, 8
1081, 144.83707623106469, 8
1082, 144.82883161863157, 8
1083, 144.83104965552184, 8
1084, 144.84780976288897, 8
1085, 144.8398666106641, 8
1086, 144.84386078115907, 8
1087, 144.84173508147333, 8
1088, 144.82783190740116, 8
1089, 144.83896346172475, 8
1090, 144.83256723237943, 8
1091, 144.8481668752509, 8
1092, 144.8372607455233, 8
1093, 144.85715826304957, 8
1094, 144.8267210680233, 8
1095, 144.84451635189484, 8
1096, 144.85036513086914, 8
1097, 144.847138414619, 8
1098, 144.8462659072673, 8
1099, 144.83783731824846, 8
1100, 144.8318274464411, 8
1101, 144.82978730444108, 8
1102, 144.84134122031267, 8
1103, 144.84145911109064, 8
1104, 144.82643355361924, 8
1105, 144.83751345695302, 8
1106, 144.8244444490229, 8
1107, 144.84123799774073, 8
1108, 144.8486694347032, 8
1109, 144.84771191021426, 8
1110, 144.83277874941808, 8
1111, 144.83176195030367, 8
1112, 144.8293270726177, 8
1113, 144.8207120451587, 8
1114, 144.845283381927, 8
1115, 144.8372913192507, 8
1116, 144.83100751786074, 8
1117, 144.8307624316658, 8
1118, 144.85095986792467, 8
1119, 144.83881310907765, 8
1120, 144.8505073759498, 8
1121, 144.845630688021, 8
1122, 144.83589889492177, 8
1123, 144.8411368640497, 8
1124, 144.83423608007743, 8
1125, 144.83261850423375, 8
1126, 144.84739838585185, 8
1127, 144.83295301652427, 8
1128, 144.82927784504193, 8
1129, 144.84645529184849, 8
1130, 144.82666226209727, 8
1131, 144.83834152727053, 8
1132, 144.83889157277784, 8
1133, 144.84713873079053, 8
1134, 144.84614813537664, 8
1135, 144.83387110462675, 8
1136, 144.8309784559627, 8
1137, 144.83527535920237, 8
1138, 144.84069360209858, 8
1139, 144.83663161684296, 8
1140, 144.8341392216125, 8
1141, 144.84659486901364, 8
1142, 144.82907464698658, 8
1143, 144.8307038256417, 8
1144, 144.83276265077862, 8
1145, 144.83455269409745, 8
1146, 144.8302311026988, 8
1147, 144.84601679998357, 8
1148, 144.82023875418628, 8
1149, 144.8287281877018, 8
1150, 144.8402536203421, 8
1151, 144.83589868274697, 8
1152, 144.83794100552745, 8
1153, 144.84693274111316, 8
1154, 144.8455699822616, 8
1155, 144.8380501476081, 8
1156, 144.85018709899924, 8
1157, 144.82946200148385, 8
1158, 144.82353396217394, 8
1159, 144.84356144579624, 8
1160, 144.83938625769684, 8
1161, 144.82954972241066, 8
1162, 144.82310729312007, 8
1163, 144.83406138670978, 8
1164, 144.83820360628278, 8
1165, 144.82339985569013, 8
1166, 144.83800197686426, 8
1167, 144.8325251998661, 8
1168, 144.8276273114352, 8
1169, 144.83722864958872, 8
1170, 144.83719118068305, 8
1171, 144.8219466000362, 8
1172, 144.83476815807867, 8
1173, 144.82385546029346, 8
1174, 144.83104207913786, 8
1175, 144.82975932843908, 8
1176, 144.83048844201213, 8
1177, 144.82964230470418, 8
1178, 144.8268239813093, 8
1179, 144.82639137558752, 8
1180, 144.83084024032752, 8
1181, 144.83150550560438, 8
1182, 144.84287233579647, 8
1183, 144.83720531883685, 8
1184, 144.82385046521466, 8
1185, 144.84413694024065, 8
1186, 144.82769944791, 8
1187, 144.8354813483265, 8
1188, 144.82774217998949, 8
1189, 144.82669646256576, 8
1190, 144.83461546050674, 8
1191, 144.830343924316, 8
1192, 144.84587047143515, 8
1193, 144.8300691151222, 8
1194, 144.83273513190454, 8
1195, 144.8457085173707, 8
1196, 144.82882664672778, 8
1197, 144.83209277727207, 8
1198, 144.82380315931957, 8
1199, 144.8376744789056, 8
1200, 144.83047413780844, 8
1201, 144.83755408077772, 8
1202, 144.82504848513955, 8
1203, 144.83163732400027, 8
1204, 144.83464730714533, 8
1205, 144.83192018087655, 8
1206, 144.83179992199436, 8
1207, 144.82430449314458, 8
1208, 144.8299478115934, 8
1209, 144.84377568897395, 8
1210, 144.83960023656005, 8
1211, 144.82944125118485, 8
1212, 144.83496129438973, 8
1213, 144.8251701744872, 8
1214, 144.84135546057203, 8
1215, 144.8362573366582, 8
1216, 132.2259329242507, 7
1217, 132.22175567648364, 7
1218, 132.22549157403475, 7
1219, 132.22809829460064, 7
1220, 132.23336420466669, 7
1221, 132.2359201140724, 7
1222, 138.66517823454365, 8
1223, 138.66070832781648, 8
1224, 138.6557937170065, 8
1225, 138.65789135843409, 8
1226, 138.65982492929797, 8
1227, 138.6495426232359, 8
1228, 138.65413591373272, 8
1229, 138.65682647428537, 8
1230, 138.6547542453822, 8
1231, 138.6560198288391, 8
1232, 138.65949671724064, 8
1233, 138.65644407454676, 8
1234, 138.66114835112512, 8
1235, 138.65852021806563, 8
1236, 138.65669454131032, 8
1237, 138.65308142824597, 8
1238, 138.65359837924913, 8
1239, 138.66733051297498, 8
1240, 138.66052516324277, 8
1241, 138.65410720084944, 8
1242, 138.65824651194743, 8
1243, 138.6651662610495, 8
1244, 138.6614809081982, 8
1245, 138.65206572314935, 8
1246, 138.66008649534544, 8
1247, 138.65279157851072, 8
1248, 138.66275242595225, 8
1249, 138.64919742691228, 8
1250, 138.66951657886153, 8
1251, 138.6627121175786, 8
1252, 138.667076484131, 8
1253, 138.65845213048902, 8
1254, 138.65162500282477, 8
1255, 138.66170922366132, 8
1256, 138.66216590279726, 8
1257, 138.66230131422813, 8
1258, 138.6609432364369, 8
1259, 138.64622171529206, 8
1260, 138.66955383179635, 8
1261, 138.6569609893242, 8
1262, 138.65957987527753, 8
1263, 138.66189665392656, 8
1264, 138.6590213967687, 8
1265, 138.6560347707032, 8
1266, 138.65887646845616, 8
1267, 138.6617957254452, 8
1268, 138.6555435760978, 8
1269, 138.65798605715665, 8
1270, 138.65183877145373, 8
1271, 138.65314790359542, 8
1272, 146.63732616336506, 8
1273, 146.52057289342417, 8
1274, 146.84654520536932, 8
1275, 162.77338408119869, 8
1276, 162.81173719048428, 8
1277, 162.69776115864846, 8
1278, 162.60759569907924, 8
1279, 162.20500978380204, 8
1280, 162.28893584186272, 8
1281, 162.33387359369613, 8
1282, 162.02547140468607, 8
1283, 162.02272340732787, 8
1284, 161.81084071854616, 8
1285, 161.4567004097148, 8
1286, 161.5236343254387, 8
1287, 161.48535355220207, 8
1288, 144.82943009197373, 8
1289, 152.45526490609012, 8
1290, 152.43190974001408, 8
1291, 152.54036099116087, 8
1292, 152.29292996772392, 8
1293, 159.3122438508346, 8
1294, 167.6225877471116, 8
1295, 167.73854930521298, 8
1296, 167.6937459218853, 8
1297, 167.513084023053, 8
1298, 167.5108395329483, 8
1299, 167.3916290787505, 8
1300, 170.62154236049125, 8
1301, 170.88471124219214, 8
1302, 170.08817527705838, 8
1303, 174.89366566038132, 8
1304, 174.52997543315635, 8
1305, 172.34221251298158, 8
1306, 179.19725340755338, 8
1307, 184.28268188230936, 8
1308, 184.16800822714671, 8
1309, 184.11536375994592, 8
1310, 184.2175956959913, 8
1311, 184.0530317047034, 8
1312, 184.18313143184122, 8
1313, 184.23457103402458, 8
1314, 184.1402086336988, 8
1315, 177.01050616822207, 8
1316, 177.1154041645909, 8
1317, 183.4596679164794, 8
1318, 183.50725381753088, 8
1319, 183.47586127748266, 8
1320, 183.49925008752032, 8
1321, 187.22391875801077, 9
1322, 187.22783372407721, 9
1323, 187.20716063168013, 9
1324, 187.20519208652775, 9
1325, 187.19284464733667, 9
1326, 187.1964303192796, 9
1327, 187.1864473277863, 9
1328, 187.2109401866785, 9
1329, 187.23021591900235, 9
1330, 187.22627472108877, 9
1331, 187.18220115254826, 9
1332, 187.1728145155908, 9
1333, 187.21394993422737, 9
1334, 187.1845439475249, 9
1335, 187.16676961434973, 9
1336, 187.174087667272, 9
1337, 192.19691665973275, 9
1338, 192.19048874056435, 9
1339, 192.20002168065665, 9
1340, 192.18648698889692, 9
1341, 192.19171681353865, 9
1342, 192.17505923053162, 9
1343, 192.20119952636747, 9
1344, 192.2691843303235, 9
1345, 192.188202902166, 9
1346, 192.1856520417118, 9
1347, 192.1793896476366, 9
1348, 192.17571764553756, 9
1349, 192.16958594437503, 9
1350, 192.1772311947226, 9
1351, 192.17489481790383, 9
1352, 192.22669959279233, 9
1353, 192.172989152059, 9
1354, 192.16772653209435, 9
1355, 192.17523980160902, 9
1356, 192.16938929905385, 9
1357, 193.8577842706309, 9
1358, 193.8669244018903, 9
1359, 193.87622047437475, 9
1360, 193.8689773816312, 9
1361, 193.86024862236485, 9
1362, 193.85447339152398, 9
1363, 193.86202456373067, 9
1364, 193.86224171663815, 9
1365, 193.90862946672286, 9
1366, 193.85447627577528, 9
1367, 193.86529963780382, 9
1368, 193.8591515676967, 9
1369, 193.8568521470348, 9
1370, 193.85397797049498, 9
1371, 193.84450170861916, 9
1372, 193.8605561745249, 9
1373, 193.86127417879263, 9
1374, 193.84734257052065, 9
1375, 193.85678182678012, 9
1376, 193.84959867413647, 9
1377, 193.85041067293744, 9
1378, 193.83656076812798, 9
1379, 193.86403821776258, 9
1380, 193.85649694529283, 9
1381, 193.85910056229253, 9
1382, 193.8436533665958, 9
1383, 193.9063333373257, 9
1384, 193.84829140372332, 9
1385, 193.85357973731098, 9
1386, 193.84836835916823, 9
1387, 193.85090209355369, 9
1388, 193.8527861676005, 9
1389, 193.848255867406, 9
1390, 193.84253231300934, 9
1391, 193.8489650679956, 9
1392, 193.8861345116975, 9
1393, 193.85455867411892, 9
1394, 193.84049474946195, 9
1395, 193.8485857575871, 9
1396, 193.8572884370968, 9
1397, 193.84013390331253, 9
1398, 193.87828991467742, 9
1399, 193.84724371667735, 9
1400, 193.8626765030936, 9
1401, 193.85557517146918, 9
1402, 193.84970617732537, 9
1403, 193.87013829520657, 9
1404, 193.85666551693598, 9
1405, 193.8429938949016, 9
1406, 193.85458064118706, 9
1407, 193.8432688750995, 9
1408, 193.85011568898656, 9
1409, 193.8357562754093, 9
1410, 193.84076531703218, 9
1411, 193.84569685758842, 9
1412, 193.84165233692252, 9
1413, 193.83467789320417, 9
1414, 193.84601834259917, 9
1415, 193.83927752246169, 9
1416, 193.8484528585091, 9
1417, 193.8260363393094, 9
1418, 193.87418367371788, 9
1419, 193.84086496995488, 9
1420, 193.85440606723202, 9
1421, 193.83279572673834, 9
1422, 193.85685406768462, 9
1423, 193.8542506543747, 9
1424, 193.86088422214976, 9
1425, 193.83438287533104, 9
1426, 193.83363686589328, 9
1427, 193.8432553826905, 9
1428, 193.8358518901506, 9
1429, 193.84125184686621, 9
1430, 193.86433097417972, 9
1431, 193.8319556508971, 9
1432, 193.83184089108588, 9
1433, 193.8388913239103, 9
1434, 193.85994285079173, 9
1435, 193.8307233048991, 9
1436, 193.8555382206282, 9
1437, 193.84882834828318, 9
1438, 193.8258097271636, 9
1439, 193.83883307223738, 9
1440, 193.83996818981797, 9
1441, 193.82709299562998, 9
1442, 193.8442982292217, 9
1443, 193.83632249567367, 9
1444, 193.83005481439497, 9
1445, 193.84730404510248, 9
1446, 193.83311311208516, 9
1447, 193.83197693708505, 9
1448, 193.84101949834306, 9
1449, 193.83652244545132, 9
1450, 193.82134062054524, 9
1451, 193.85026805053565, 9
1452, 193.84322434293475, 9
1453, 193.8645688513361, 9
1454, 201.19178559539048, 10
1455, 201.20228666315316, 10
1456, 201.19055958129812, 10
1457, 201.1994645887368, 10
1458, 201.19866224715682, 10
1459, 201.18826162246845, 10
1460, 201.20441534789836, 10
1461, 201.20333008849232, 10
1462, 201.20487243407214, 10
1463, 201.20604357080606, 10
1464, 201.1899599160653, 10
1465, 201.18598493742277, 10
1466, 201.20250783913892, 10
1467, 201.2030674604317, 10
1468, 201.20147169447247, 10
1469, 201.1973097271053, 10
1470, 201.18909919962536, 10
1471, 201.19596384871136, 10
1472, 201.1965261258787, 10
1473, 201.20374280532388, 10
1474, 201.2069161245957, 10
1475, 201.1892250296601, 10
1476, 201.21045098780186, 10
1477, 201.20364053789754, 10
1478, 201.19237336135146, 10
1479, 201.20301825641624, 10
1480, 201.1956271979827, 10
1481, 201.20466491097164, 10
1482, 201.19736882918974, 10
1483, 201.1994789167516, 10
1484, 201.19818813350938, 10
1485, 201.20584307322596, 10
1486, 201.1985447424021, 10
1487, 201.20149524541725, 10
1488, 201.2002884644974, 10
1489, 201.19508648962207, 10
1490, 201.20302489509507, 10
1491, 201.18782504498446, 10
1492, 201.19511360583252, 10
1493, 201.18750612055035, 10
1494, 201.21138613304572, 10
1495, 201.19738050539542, 10
1496, 201.19499527953846, 10
1497, 201.2008509470269, 10
1498, 201.19541447777547, 10
1499, 201.18682389012392, 10
1500, 201.1874668990416, 10
1501, 201.18989325821153, 10
1502, 201.20282455030386, 10
1503, 201.19584428072667, 10
1504, 201.20369577204633, 10
1505, 201.20360192927598, 10
1506, 201.18695023168928, 10
1507, 201.19771934464117, 10
1508, 201.20701034489886, 10
1509, 201.19254882759626, 10
1510, 201.2024056551417, 10
1511, 201.197275465653, 10
1512, 201.19014117680484, 10
1513, 201.1986613657422, 10
1514, 201.19728288478447, 10
1515, 201.19278917478545, 10
1516, 201.20850085205294, 10
1517, 201.20519758753213, 10
1518, 201.20235732027416, 10
1519, 201.18891337736878, 10
1520, 201.18728924107094, 10
1521, 201.1875657804624, 10
1522, 201.19354516089865, 10
1523, 201.1844195849931, 10
1524, 201.19680378844467, 10
1525, 201.19431759845443, 10
1526, 201.19134875706936, 10
1527, 201.189629816422, 10
1528, 201.21247422729311, 10
1529, 201.2020364334214, 10
1530, 201.20033405393016, 10
1531, 201.18884529597963, 10
1532, 201.20205001054782, 10
1533, 201.1991030148731, 10
1534, 201.18827035120304, 10
1535, 201.19790890161212, 10
1536, 201.1937175364276, 10
1537, 201.197211737323, 10
1538, 201.1980934742747, 10
1539, 201.19343071167336, 10
1540, 201.1968262563403, 10
1541, 201.19972549631186, 10
1542, 201.20309622910364, 10
1543, 201.1924990238334, 10
1544, 201.19007797655857, 10
1545, 201.19842785537, 10
1546, 201.20006285825554, 10
1547, 201.1956415576088, 10
1548, 201.1960902741051, 10
1549, 201.2037315105286, 10
1550, 201.19421254557219, 10
1551, 201.20758929521983, 10
1552, 201.20345140767247, 10
1553, 201.20032773346466, 10
1554, 201.19239834692368, 10
1555, 201.19596197673675, 10
1556, 201.20000359962793, 10
1557, 201.19886904961695, 10
1558, 201.19054948417326, 10
1559, 201.1947026197162, 10
1560, 201.18870312394594, 10
1561, 201.1957976923825, 10
1562, 201.1878435750754, 10
1563, 201.20297586724047, 10
1564, 201.1833135791961, 10
1565, 201.19785615286585, 10
1566, 201.20472030947192, 10
1567, 201.19142860917933, 10
1568, 201.19593004429836, 10
1569, 201.1938934119211, 10
1570, 201.20060401420048, 10
1571, 201.1921458834125, 10
1572, 201.1953196422081, 10
1573, 201.20981758431597, 10
1574, 201.19995530780753, 10
1575, 201.1935179006969, 10
1576, 201.18309693933165, 10
1577, 201.1945604361459, 10
1578, 201.20449851970923, 10
1579, 201.18847731180054, 10
1580, 201.1957456566332, 10
1581, 201.1919044019573, 10
1582, 201.20332821125086, 10
1583, 201.19543530999906, 10
1584, 201.19876951236728, 10
1585, 201.19177952220198, 10
1586, 201.19015567608935, 10
1587, 201.20210255069165, 10
1588, 201.19513691181717, 10
1589, 201.2024213764012, 10
1590, 201.19600342659365, 10
1591, 201.18443185656812, 10
1592, 201.19433265499285, 10
1593, 201.194933335243, 10
1594, 201.1988479462265, 10
1595, 201.1948377680085, 10
1596, 201.19583825218305, 10
1597, 201.19269786792287, 10
1598, 201.1935728723627, 10
1599, 201.2012490927925, 10
1600, 201.19573744469156, 10
1601, 201.18529681657427, 10
1602, 201.19981049746073, 10
1603, 201.20087788571547, 10
1604, 201.19663492616414, 10
1605, 201.18387133877152, 10
1606, 201.18624667420275, 10
1607, 201.1983891031634, 10
1608, 201.19075139673967, 10
1609, 201.19531191987127, 10
1610, 201.1875626611101, 10
1611, 201.19334656537674, 10
1612, 201.19179342814735, 10
1613, 201.19099910056346, 10
1614, 201.19396370820127, 10
1615, 201.18812865900466, 10
1616, 201.18884560966896, 10
1617, 201.1962067868333, 10
1618, 201.19013220491345, 10
1619, 201.20517273969753, 10
1620, 201.18619069143372, 10
1621, 201.20581350371006, 10
1622, 201.1983104478027, 10
1623, 201.199317381611, 10
1624, 201.19739158694628, 10
1625, 201.19380119456784, 10
1626, 201.1959692190134, 10
1627, 201.19982876121125, 10
1628, 201.19421917015566, 10
1629, 201.1932358747718, 10
1630, 201.1894710954463, 10
1631, 201.190839935103, 10
1632, 201.19021470313848, 10
1633, 201.19303227791423, 10
1634, 201.1901746808904, 10
1635, 201.1869832983251, 10
1636, 201.19081483934016, 10
1637, 201.19381035166978, 10
1638, 201.20195453487665, 10
1639, 201.19149906856913, 10
1640, 201.19421327317983, 10
1641, 201.19641137878463, 10
1642, 201.18380092900432, 10
1643, 201.19423825718005, 10
1644, 201.19766798379274, 10
1645, 201.1832758639999, 10
1646, 201.18604647847465, 10
1647, 201.1939284940083, 10
1648, 201.18765232445887, 10
1649, 201.1867035627985, 10
1650, 201.18818670251275, 10
1651, 201.18769140759565, 10
1652, 201.1902059089784, 10
1653, 201.19603580170255, 10
1654, 201.18745412430403, 10
1655, 201.18872827779902, 10
1656, 201.20491189396736, 10
1657, 201.19283342190047, 10
1658, 201.2006923518277, 10
1659, 201.19595176855918, 10
1660, 201.20038673147312, 10
1661, 201.20271818480663, 10
1662, 201.18806729444705, 10
1663, 201.18885537225688, 10
1664, 201.19656444257058, 10
1665, 201.18919251976146, 10
1666, 201.19955439538387, 10
1667, 201.19593217076417, 10
1668, 201.19017030571288, 10
1669, 201.19449742862392, 10
1670, 201.19259668457764, 10
1671, 201.1833328758021, 10
1672, 201.1832783375095, 10
1673, 201.1929514768007, 10
1674, 201.1883648558705, 10
1675, 201.18936571183028, 10
1676, 201.18655025081208, 10
1677, 201.19943879313647, 10
1678, 201.1936617992154, 10
1679, 201.1857165599947, 10
1680, 201.19106092399167, 10
1681, 201.1947653806806, 10
1682, 201.18966741528024, 10
1683, 201.19669203473168, 10
1684, 201.18092806878323, 10
1685, 201.1907791692869, 10
1686, 201.19088562041665, 10
1687, 201.1812609751283, 10
1688, 201.1874581455676, 10
1689, 201.19516986316674, 10
1690, 201.1926399849203, 10
1691, 201.19308098474542, 10
1692, 201.1884427055107, 10
1693, 201.1901115848469, 10
1694, 201.2036177079536, 10
1695, 201.19553194534907, 10
1696, 201.2005579263686, 10
1697, 201.19159552009214, 10
1698, 201.19191091452032, 10
1699, 201.19189183035556, 10
1700, 201.1953437080438, 10
1701, 201.19151243376027, 10
1702, 201.19490147590747, 10
1703, 201.1866378924864, 10
1704, 201.1826324400727, 10
1705, 201.19715730824024, 10
1706, 201.19252367452358, 10
1707, 201.1878148316027, 10
1708, 201.19225829562126, 10
1709, 201.19259713965826, 10
1710, 201.20195208447632, 10
1711, 201.19609077328124, 10
1712, 201.19068157205075, 10
1713, 201.19183169114316, 10
1714, 195.74341673005785, 10
1715, 195.81556202319337, 10
1716, 195.6152379392964, 10
1717, 195.88361902193705, 10
1718, 195.90253408794513, 10
1719, 195.88823901465133, 10
1720, 195.60265659976508, 10
1721, 195.58067964993657, 10
1722, 195.60589382331955, 10
1723, 195.75590206824143, 10
1724, 195.71462389684464, 10
1725, 195.7874539134782, 10
1726, 195.72458125391648, 10
1727, 195.70617764830453, 10
1728, 195.6804395855124, 10
1729, 195.70864079081113, 10
1730, 195.80643201704103, 10
1731, 195.81355530218661, 10
1732, 195.7039453441681, 10
1733, 195.6557898777939, 10
1734, 195.623151886307, 10
1735, 195.81307848219666, 10
1736, 195.8074368258217, 10
1737, 195.72429574306486, 10
1738, 195.78747865867894, 10
1739, 195.56588946307906, 10
1740, 195.7866681034281, 10
1741, 195.8184989091609, 10
1742, 195.55820638027288, 10
1743, 195.5765930748597, 10
1744, 195.63732324116307, 10
1745, 195.8206729310305, 10
1746, 195.81263319379696, 10
1747, 195.60615272341957, 10
1748, 195.55632033228568, 10
1749, 195.64067231140055, 10
1750, 195.77652550149446, 10
1751, 195.55040166515332, 10
1752, 195.52722487288216, 10
1753, 195.53392330500876, 10
1754, 195.7341664673994, 10
1755, 195.5491757338707, 10
1756, 195.79422051696469, 10
1757, 195.7808316130017, 10
1758, 195.55042205628413, 10
1759, 195.58123907895254, 10
1760, 195.75016468437246, 10
1761, 195.5381608989402, 10
1762, 195.53763474102948, 10
1763, 195.6134445182431, 10
1764, 195.66899577768035, 10
1765, 195.73183757774208, 10
1766, 195.74153087998945, 10
1767, 195.63576707199417, 10
1768, 195.60199618816208, 10
1769, 195.52822828006737, 10
1770, 195.51021858265602, 10
1771, 195.6628077623573, 10
1772, 195.6893989307555, 10
1773, 195.52835083811917, 10
1774, 195.65829697280347, 10
1775, 195.52119946888908, 10
1776, 195.62071154620781, 10
1777, 195.7403970896037, 10
1778, 195.51819792040996, 10
1779, 195.6733003423179, 10
1780, 195.69981467860632, 10
1781, 195.58233539353418, 10
1782, 195.5261723765151, 10
1783, 195.5571621575628, 10
1784, 195.55099540317585, 10
1785, 195.59793224831, 10
1786, 195.5051101198173, 10
1787, 195.54372734466347, 10
1788, 195.53402158017485, 10
1789, 195.6208460167834, 10
1790, 195.6863989499511, 10
1791, 195.6558396244173, 10
1792, 195.46993796564527, 10
1793, 195.61311261712675, 10
1794, 195.61373798383636, 10
1795, 195.47263991393996, 10
1796, 195.59086981485865, 10
1797, 195.6016446953794, 10
1798, 195.69943343712038, 10
1799, 195.6018974461059, 10
1800, 195.56253980309157, 10
1801, 195.48145912613995, 10
1802, 195.59841214674637, 10
1803, 195.67310124546626, 10
1804, 195.6874924392447, 10
1805, 195.4808581004586, 10
1806, 195.46376435153687, 10
1807, 195.56661781181305, 10
1808, 195.53690253687307, 10
1809, 195.6728096069737, 10
1810, 195.58596372940008, 10
1811, 195.46640633761183, 10
1812, 195.58796149858162, 10
1813, 195.6137041015509, 10
1814, 195.54385963236857, 10
1815, 195.66171617889322, 10
1816, 195.63982166321844, 10
1817, 195.55363342339052, 10
1818, 195.57529951631798, 10
1819, 195.46589156572753, 10
1820, 195.62482338207877, 10
1821, 195.62721712538115, 10
1822, 195.65653352666382, 10
1823, 195.62434584245554, 10
1824, 195.57575357745463, 10
1825, 195.45299667478136, 10
1826, 195.59730072890125, 10
1827, 195.6463290500139, 10
1828, 195.58652546760536, 10
1829, 195.5705518513292, 10
1830, 195.59211638413007, 10
1831, 195.46450527685678, 10
1832, 195.4869824667093, 10
1833, 195.4848588924803, 10
1834, 195.5393185240514, 10
1835, 195.531766861618, 10
1836, 195.63184818695672, 10
1837, 195.4823602027128, 10
1838, 195.58492942333348, 10
1839, 195.52803236965235, 10
1840, 195.50796258086532, 10
1841, 195.42708533693448, 10
1842, 195.54894807699972, 10
1843, 195.53360531053144, 10
1844, 195.59990751050083, 10
1845, 195.5277654300104, 10
1846, 195.47064592416987, 10
1847, 195.42004280777246, 10
1848, 195.61952707378947, 10
1849, 195.54126719250993, 10
1850, 195.56042913118247, 10
1851, 195.51996091432446, 10
1852, 195.5717177354198, 10
1853, 195.5832994497454, 10
1854, 195.51740236058924, 10
1855, 195.5207885173272, 10
1856, 195.56544920250087, 10
1857, 195.50797071253498, 10
1858, 195.58000208624955, 10
1859, 195.57647631418737, 10
1860, 195.46207596753254, 10
1861, 195.51036505058664, 10
1862, 195.46727135593412, 10
1863, 195.54428981500809, 10
1864, 195.52899473285458, 10
1865, 195.50477904745145, 10
1866, 195.4929673795594, 10
1867, 195.43390573157293, 10
1868, 195.42984288307952, 10
1869, 195.43826294713364, 10
1870, 195.5562971307039, 10
1871, 195.50781607131668, 10
1872, 195.5711664332173, 10
1873, 195.42552778578067, 10
1874, 195.42496216660194, 10
1875, 195.52353647920168, 10
1876, 195.42469102833087, 10
1877, 201.92656947880516, 10
1878, 202.11944507051808, 10
1879, 201.92043963839723, 10
1880, 202.1388444165142, 10
1881, 210.09948146307843, 10
1882, 209.76829999660944, 10
1883, 209.8444046303544, 10
1884, 209.8169849477191, 10
1885, 209.69408428130254, 10
1886, 209.7083139533623, 10
1887, 209.96048904375166, 10
1888, 209.5773179463071, 10
1889, 209.34406575691548, 10
1890, 209.43268287940103, 10
1891, 217.57817760078697, 10
1892, 217.4143064692575, 10
1893, 225.1471013944374, 10
1894, 233.9879409540827, 10
1895, 233.9936188887431, 10
1896, 232.11500928075742, 10
1897, 236.66644400237027, 10
1898, 243.8142253299772, 10
1899, 252.18933284811865, 10
1900, 252.32097998973686, 10
1901, 252.64418733516538, 10
1902, 252.55532758568702, 10
1903, 252.5949857815614, 10
1904, 252.60509771928244, 10
1905, 260.9606760067521, 10
1906, 252.7077583288718, 10
1907, 250.88578801478994, 10
1908, 255.2767762477238, 10
1909, 255.05632657060568, 10
1910, 260.4349698226423, 10
1911, 266.0537366412122, 10
1912, 270.59407006148825, 10
1913, 270.6199926625697, 10
1914, 276.1690342028143, 10
1915, 276.29101413677535, 10
1916, 281.133396442975, 10
1917, 281.25565980114465, 10
1918, 281.08869478912777, 10
1919, 281.2126196796531, 10
1920, 281.15041751902237, 10
1921, 281.13021903857106, 10
1922, 281.3344425640559, 10
1923, 281.1554452627317, 10
1924, 288.18162272721133, 11
1925, 288.1460379261001, 11
1926, 296.81728316578835, 11
1927, 296.7903426699616, 11
1928, 296.73598600452607, 11
1929, 296.81918399854595, 11
1930, 296.6237718614285, 11
1931, 310.8715894055682, 11
1932, 310.95346032418985, 11
1933, 318.47140172170543, 12
1934, 318.4845375607557, 12
1935, 318.3694048750808, 12
1936, 325.7318075247526, 12
1937, 325.8177706253429, 12
1938, 325.6960655343502, 12
1939, 325.617411471928, 12
1940, 325.6969483960022, 12
1941, 325.67651610738477, 12
1942, 325.6728758659141, 12
1943, 325.56481667154475, 12
1944, 325.6735127287373, 12
1945, 325.4476204953254, 12
1946, 325.6233683261759, 12
1947, 325.51822755301583, 12
1948, 325.56426345335416, 12
1949, 325.55136160168456, 12
1950, 325.6282530372659, 12
1951, 325.54956567066415, 12
1952, 325.4284288084458, 12
1953, 325.6643622859447, 12
1954, 325.4331283228539, 12
1955, 325.6726881628814, 12
1956, 325.5393744879549, 12
1957, 331.8087091043836, 12
1958, 339.8556456539662, 12
1959, 339.7624969208413, 12
1960, 348.4610132360501, 13
1961, 348.4389726473698, 13
1962, 355.0729113872265, 13
1963, 354.9616929280676, 13
1964, 355.01542300931277, 13
1965, 355.06035631621654, 13
1966, 355.00550121628197, 13
1967, 354.9853242129912, 13
1968, 354.94005874932094, 13
1969, 355.0136368226888, 13
1970, 354.9891762785496, 13
1971, 347.40284952891415, 13
1972, 347.41472889153414, 13
1973, 347.52982574288677, 13
1974, 347.4827434369205, 13
1975, 347.5294558455869, 13
1976, 347.4528206355806, 13
1977, 347.4920773504861, 13
1978, 347.47777974982716, 13
1979, 347.3921991501824, 13
1980, 336.77537117781276, 13
1981, 336.97055369596063, 13
1982, 336.88990288928227, 13
1983, 343.03717415378463, 13
1984, 343.0621285671325, 13
1985, 343.16953768594755, 13
1986, 343.1660763590973, 13
1987, 350.5743605200614, 14
1988, 350.6733533160779, 14
1989, 350.6089336975883, 14
1990, 350.5430790289212, 14
1991, 350.5751009802796, 14
1992, 350.614741464494, 14
1993, 350.71705437324744, 14
1994, 350.61632219726744, 14
1995, 350.72441101903036, 14
1996, 350.6849826413003, 14
1997, 350.71350243251834, 14
1998, 350.6488908349354, 14
1999, 350.6871076250942, 14
2000, 350.54177040692923, 14
2001, 350.6666720293903, 14
2002, 350.5724682863366, 14
2003, 345.54068172194656, 14
2004, 345.27531330415786, 14
2005, 345.48059591564123, 14
2006, 345.6482206402843, 14
2007, 345.45103080479083, 14
2008, 345.30459902699647, 14
2009, 345.35345042641, 14
2010, 345.3668543901952, 14
2011, 345.38405552616734, 14
2012, 345.46560392727577, 14
2013, 345.4904654050985, 14
2014, 345.20281137452497, 14
2015, 345.5799552210399, 14
2016, 345.2525367166286, 14
2017, 345.1044432662939, 14
2018, 345.32141479085016, 14
2019, 345.2364062438889, 14
2020, 345.4092334053164, 14
2021, 345.15685004821415, 14
2022, 345.32460988722664, 14
2023, 345.36653926448685, 14
2024, 345.2053866191001, 14
2025, 345.4529267421827, 14
2026, 345.2866732112793, 14
2027, 345.17999248783667, 14
2028, 345.3103763158694, 14
2029, 345.3724301091047, 14
2030, 345.2899487845592, 14
2031, 345.3830475135726, 14
2032, 345.2639919472615, 14
2033, 345.31697288918514, 14
2034, 345.4506402451217, 14
2035, 345.31179268383545, 14
2036, 345.22150834244167, 14
2037, 345.2248263367297, 14
2038, 345.3619795816379, 14
2039, 345.15702071877547, 14
2040, 345.281736845547, 14
2041, 345.04986911324715, 14
2042, 345.081495185121, 14
2043, 345.3381902954249, 14
2044, 345.2126524993032, 14
2045, 345.3206935815548, 14
2046, 345.1917830213882, 14
2047, 345.0844423154166, 14
2048, 345.30730530091387, 14
2049, 345.1266983801596, 14
2050, 345.08107848802706, 14
2051, 345.17285863588205, 14
2052, 345.23388213164554, 14
2053, 345.10865927257686, 14
2054, 344.99846537188466, 14
2055, 345.2038737909157, 14
2056, 345.2673672388858, 14
2057, 345.0457975827784, 14
2058, 345.12846748577664, 14
2059, 345.1025499430279, 14
2060, 345.1268475638921, 14
2061, 345.0244605662391, 14
2062, 345.21679162866764, 14
2063, 344.9714413190729, 14
2064, 345.14511038657486, 14
2065, 345.06524290839303, 14
2066, 345.2233624350405, 14
2067, 345.16739674757804, 14
2068, 345.04930324892763, 14
2069, 345.1390595214465, 14
2070, 345.01945380822815, 14
2071, 344.94470202999656, 14
2072, 345.23291682966806, 14
2073, 345.1849338544348, 14
2074, 345.16483375312737, 14
2075, 345.1817894578341, 14
2076, 345.17184144649843, 14
2077, 345.12022898202173, 14
2078, 345.1936001836382, 14
2079, 345.046282603738, 14
2080, 345.1626325407114, 14
2081, 345.0470039990999, 14
2082, 345.1022701415147, 14
2083, 345.16082713606374, 14
2084, 345.0266266912814, 14
2085, 345.01777553172684, 14
2086, 345.1648757244944, 14
2087, 345.0506063814528, 14
2088, 345.12782824106273, 14
2089, 344.93572235067137, 14
2090, 345.0740221418736, 14
2091, 345.166707624281, 14
2092, 345.0584273597714, 14
2093, 345.10859761178807, 14
2094, 345.08391508632303, 14
2095, 345.0407130095728, 14
2096, 345.20439955304533, 14
2097, 345.07851234483866, 14
2098, 345.0887448831427, 14
2099, 345.0053172602236, 14
2100, 345.0264802917507, 14
2101, 344.9358149798791, 14
2102, 345.0020920527786, 14
2103, 345.12790488480937, 14
2104, 345.0750308153384, 14
2105, 345.15831989516766, 14
2106, 344.92044416664396, 14
2107, 344.9837465623852, 14
2108, 345.0865287420904, 14
2109, 345.0459123024541, 14
2110, 345.01993447150255, 14
2111, 345.07618259203394, 14
2112, 345.1066406106527, 14
2113, 344.89156433972386, 14
2114, 345.0128892978034, 14
2115, 345.0275805746473, 14
2116, 345.10706279464614, 14
2117, 345.11930652185515, 14
2118, 344.9888094231864, 14
2119, 345.0393720567724, 14
2120, 344.9665710495425, 14
2121, 345.00251874157345, 14
2122, 345.01803824304255, 14
2123, 345.05493377126527, 14
2124, 345.0746336000623, 14
2125, 344.9970667571659, 14
2126, 344.97112215364865, 14
2127, 344.88952357131427, 14
2128, 345.0464002721449, 14
2129, 344.95601382855966, 14
2130, 344.9289828531369, 14
2131, 345.0632277539824, 14
2132, 345.0741947553794, 14
2133, 344.8660847413224, 14
2134, 345.0945987790715, 14
2135, 344.8393389000842, 14
2136, 344.97253304933975, 14
2137, 344.9348053751328, 14
2138, 344.91326376796957, 14
2139, 344.949954922159, 14
2140, 345.03634606216815, 14
2141, 344.938227765841, 14
2142, 345.01876024696367, 14
2143, 345.0140665875458, 14
2144, 344.93662024708857, 14
2145, 344.99546757882194, 14
2146, 344.96583920395506, 14
2147, 344.9902222182063, 14
2148, 344.9096840942513, 14
2149, 344.99056776208016, 14
2150, 345.00936364783973, 14
2151, 345.03379137939294, 14
2152, 344.9130433490792, 14
2153, 344.95936722616057, 14
2154, 344.8724490004969, 14
2155, 344.91986844566134, 14
2156, 344.99041460717945, 14
2157, 344.9181368960635, 14
2158, 344.93809468786185, 14
2159, 344.90284327561426, 14
2160, 344.9499150812561, 14
2161, 344.88485116344094, 14
2162, 344.95561231374336, 14
2163, 344.8775396473807, 14
2164, 344.8675985487144, 14
2165, 344.84884365333573, 14
2166, 344.83962167535464, 14
2167, 344.9068055123425, 14
2168, 344.85597820990085, 14
2169, 344.89431492329516, 14
2170, 344.81382548096894, 14
2171, 345.01932853598817, 14
2172, 344.85789583926567, 14
2173, 344.82908798389303, 14
2174, 344.96666448567566, 14
2175, 344.77971288519564, 14
2176, 344.8933484801006, 14
2177, 344.94649592752444, 14
2178, 345.01064652867075, 14
2179, 344.94152163315454, 14
2180, 344.90417899602613, 14
2181, 345.00143959542964, 14
2182, 344.8216796711154, 14
2183, 344.91800330719474, 14
2184, 344.84616376437776, 14
2185, 344.81437403414884, 14
2186, 344.8334459358756, 14
2187, 344.96955182937074, 14
2188, 344.9700390240307, 14
2189, 344.9127705747052, 14
2190, 344.9911009773916, 14
2191, 344.86461691463853, 14
2192, 344.88960806917805, 14
2193, 344.8893189063498, 14
2194, 344.85043273809293, 14
2195, 344.8913037241843, 14
2196, 344.90149425404974, 14
2197, 344.82536756330205, 14
2198, 344.85526842030464, 14
2199, 344.80088374313425, 14
2200, 344.8852695348049, 14
2201, 344.890977347947, 14
2202, 344.8477502048583, 14
2203, 344.78188884945143, 14
2204, 344.74288309936804, 14
2205, 344.94023757229144, 14
2206, 344.87527646966487, 14
2207, 344.8988504918443, 14
2208, 344.73720315586974, 14
2209, 344.82883288918265, 14
2210, 344.95916602635623, 14
2211, 344.79669177995885, 14
2212, 344.89440045188906, 14
2213, 344.7943464855622, 14
2214, 344.905826025872, 14
2215, 344.83583439250975, 14
2216, 344.8451406768138, 14
2217, 344.9985593768968, 14
2218, 344.85487239800744, 14
2219, 344.72547407048023, 14
2220, 344.818455272234, 14
2221, 344.87588225303625, 14
2222, 344.8443172960822, 14
2223, 344.85032144008727, 14
2224, 344.7813946354315, 14
2225, 344.81206165180197, 14
2226, 344.86760593125206, 14
2227, 344.87703712816216, 14
2228, 344.75814044113446, 14
2229, 344.8303166856483, 14
2230, 344.89099484258287, 14
2231, 344.86475636260644, 14
2232, 344.8416576955093, 14
2233, 344.80124026247086, 14
2234, 344.83647558876174, 14
2235, 344.87250895848985, 14
2236, 344.8191311170971, 14
2237, 344.8063758642567, 14
2238, 344.841648812169, 14
2239, 344.7720470111206, 14
2240, 344.84268255913867, 14
2241, 344.8924920033786, 14
2242, 344.864532803712, 14
2243, 344.82458350549376, 14
2244, 344.8569743934566, 14
2245, 344.8051585982732, 14
2246, 344.79537408410107, 14
2247, 344.9305410693292, 14
2248, 344.9208793960667, 14
2249, 344.7775494025619, 14
2250, 344.70550381221574, 14
2251, 344.8522050763199, 14
2252, 344.7033019943232, 14
2253, 344.7704083853507, 14
2254, 344.7993473505718, 14
2255, 344.82693494142103, 14
2256, 344.8277963621017, 14
2257, 344.7514218546619, 14
2258, 344.80344851574773, 14
2259, 344.8289959930027, 14
2260, 344.7521242721249, 14
2261, 344.9163664173065, 14
2262, 344.808897448662, 14
2263, 344.7863604606616, 14
2264, 344.7348138486057, 14
2265, 344.8237812621001, 14
2266, 344.70853476795827, 14
2267, 344.7307348635472, 14
2268, 344.81352933060725, 14
2269, 344.6895239520339, 14
2270, 344.7685369214352, 14
2271, 344.7405962928942, 14
2272, 332.44370446006855, 13
2273, 332.52761685845337, 13
2274, 332.6698197555193, 13
