0, 0, 2
1, 2.772588722239781, 2
2, 2.772588722239781, 2
3, 2.772588722239781, 2
4, 2.772588722239781, 2
5, 2.772588722239781, 2
6, 2.772588722239781, 2
7, 2.772588722239781, 2
8, 0.5753641449035618, 2
9, 0.5753641449035618, 2
10, 0.5753641449035618, 2
11, 35.97137529588541, 2
12, 6.614261745246176, 2
13, 10.473376204989663, 2
14, 7.262666853872981, 2
15, 4.882521014316178, 2
16, 11.871971057299122, 2
17, 5.9916565246392, 2
18, 0.9549333220260691, 2
19, 0.3222163207895143, 2
20, 2.4778256600908275, 2
21, 3.5050533490639446, 2
22, 2.7582268855846386, 2
23, 3.653655300883297, 2
24, 3.0797113151266937, 2
25, 1.396414380396016, 2
26, 0.5349130243030136, 2
27, 4.3720952922124, 2
28, 3.5684358271113354, 2
29, 3.417160871948963, 2
30, 4.152396638719788, 2
31, 4.166993624277619, 2
32, 4.230254658131802, 2
33, 4.384450819148647, 2
34, 7.659567481357815, 2
35, 4.422165862338615, 2
36, 3.6304851201610715, 2
37, 4.031708235116498, 2
38, 3.497763028335573, 2
39, 4.309130023084373, 2
40, 3.6772753582810176, 2
41, 3.5949049209263566, 2
42, 3.533799248986868, 2
43, 11.291880654122657, 2
44, 10.648942828589504, 2
45, 11.520402817534235, 2
46, 11.494850593794984, 2
47, 11.079845736081621, 2
48, 9.833683121957678, 2
49, 9.798625445471444, 2
50, 9.525337549731569, 2
51, 10.531673925796161, 2
52, 14.20452569780009, 2
53, 14.319306546216822, 2
54, 12.368046853807263, 2
55, 9.074823328382218, 2
56, 4.6764736460828535, 2
57, 5.134097801861863, 2
58, 4.602439203645308, 2
59, 4.569738837449578, 2
60, 2.316500744240027, 2
61, 1.773336378600633, 2
62, 3.3057526409784708, 2
63, 4.656248156183116, 2
64, 4.950374756929459, 2
65, 4.65287364899944, 2
66, 4.449560806349472, 2
67, 4.194370682495509, 2
68, 4.124908819603045, 2
69, 4.327040189091228, 2
70, 4.334370781278804, 2
71, 4.3927150831756085, 2
72, 4.270538693714183, 2
73, 4.489091340664324, 2
74, 3.265354893616335, 2
75, 3.3368565372764354, 2
76, 3.7381058155717257, 2
77, 4.131137547377221, 2
78, 6.694378627476639, 2
79, 6.501044688759744, 2
80, 4.0960682700363895, 2
81, 4.037571684690184, 2
82, 4.080773200289348, 2
83, 3.7498845516213106, 2
84, 3.800309433332431, 2
85, 3.7966618548192574, 2
86, 3.7423203137586576, 2
87, 3.7895351855431287, 2
88, 3.7002167717459065, 2
89, 3.6976553644257693, 2
90, 3.701967570265493, 2
91, 3.870483709013074, 2
92, 3.9455928020640165, 2
93, 3.8633761058460023, 2
94, 3.6807874254764927, 2
95, 5.057173901161322, 2
96, 3.9266262180899387, 2
97, 3.853136857397898, 2
98, 3.5423473295672983, 2
99, 3.5581721509370876, 2
100, 6.585346691960367, 2
101, 6.5347330192843485, 2
102, 7.24924944904906, 2
103, 7.211250486220337, 2
104, 7.266662194816263, 2
105, 7.205900192657381, 2
106, 7.26318606424212, 2
107, 16.333759840750133, 3
108, 10.293235888362668, 3
109, 8.014437852182517, 3
110, 8.448585530176235, 3
111, 8.699504513680736, 3
112, 8.56531186930108, 3
113, 7.978990198387557, 3
114, 8.199061056730406, 3
115, 9.295161915628821, 3
116, 8.243844159966837, 3
117, 7.955786500526977, 3
118, 8.57278646796316, 2
119, 8.556541876982951, 2
120, 8.593125641046807, 2
121, 10.603714954321935, 3
122, 10.66103435746466, 3
123, 10.140453342810604, 3
124, 9.863960092316644, 3
125, 10.046541372164045, 3
126, 10.01020542449772, 3
127, 10.064120421910888, 3
128, 10.088849191855173, 3
129, 9.9442180400512, 3
130, 10.585148052408979, 3
131, 10.50154078608733, 3
132, 10.442917302790367, 3
133, 10.443838125499951, 3
134, 10.422976970345587, 3
135, 9.962192924111894, 3
136, 9.997528530147878, 3
137, 10.431680422757685, 3
138, 9.969518477327929, 3
139, 10.306341451996467, 3
140, 10.303636864353924, 3
141, 11.080280573934184, 3
142, 11.09245412211724, 3
143, 10.96778719839862, 3
144, 10.991598203229348, 3
145, 10.998518814343498, 3
146, 11.03958679027963, 3
147, 11.020734620782383, 3
148, 11.018220275955008, 3
149, 10.985457896403219, 3
150, 10.949309346893147, 3
151, 10.964734009490087, 3
152, 10.947140717719785, 3
153, 10.243819192845255, 3
154, 10.865915300385586, 3
155, 10.223977611905637, 3
156, 10.21301538565909, 3
157, 10.233219502908982, 3
158, 10.23722728946266, 3
159, 10.227061660842443, 3
160, 10.193967279472357, 3
161, 10.183153617633048, 3
162, 10.227032427916983, 3
163, 10.206592487065633, 3
164, 7.312195393562225, 2
165, 7.293923867994208, 2
166, 7.279932669092873, 2
167, 6.6627578675107335, 2
168, 6.084947639864459, 2
169, 6.068353230858398, 2
170, 6.57773197255975, 2
171, 6.579044241794279, 2
172, 6.584776170493709, 2
173, 5.633974323200711, 2
174, 5.694183503843122, 2
175, 6.034891288160066, 2
176, 4.906498114067938, 2
177, 4.8722174206201165, 2
178, 4.868633218799015, 2
179, 4.838714129750533, 2
180, 4.819991959654707, 2
181, 4.389606810009769, 2
182, 4.443810730249211, 2
183, 5.300432956219549, 2
184, 5.323409250799871, 2
185, 5.314872909500342, 2
186, 5.286024888966568, 2
187, 2.276722804354161, 2
188, 2.1648362789534827, 2
189, 2.083162324789387, 2
190, 2.1221088496324283, 2
191, 2.079442400336699, 2
192, 2.1103635782265675, 2
193, 2.4812262333752018, 2
194, 2.6075089515450656, 2
195, 2.7135509299724516, 2
196, 1.9814430415468218, 2
197, 2.0541699334923753, 2
198, 1.9409429766726665, 2
199, 1.2805112616042937, 2
200, 1.1986104660611097, 2
201, 0.9016035659658921, 2
202, 1.124279292541221, 2
203, 1.0228528192813044, 2
204, 1.1182426837215484, 2
205, 1.2235333639556598, 2
206, 1.2915641774807927, 2
207, 1.2197641788233866, 2
208, 1.1943039290533801, 2
209, 1.1135703390610463, 2
210, 1.1312707504291826, 2
211, 1.1935981883373064, 2
212, 1.1934262549534873, 2
213, 1.198957584662405, 2
214, 1.1778614613146767, 2
215, 1.216850356295944, 2
216, 1.6937465011001809, 2
217, 1.611553960339542, 2
218, 1.4396973129708344, 2
219, 1.5149210500283767, 2
220, 1.487482084351933, 2
221, 1.4863272737216127, 2
222, 1.47671172126199, 2
223, 3.3444112740536394, 2
224, 3.707773337359297, 2
225, 3.6944234098004882, 2
226, 3.687269388345884, 2
227, 3.700402696784654, 2
228, 3.7099296248156066, 2
229, 3.706257375671075, 2
230, 3.7006426933078136, 2
231, 3.6475993278008296, 2
232, 3.5752762817579384, 2
233, 3.8821675713423596, 2
234, 3.560005299151731, 2
235, 3.563584208543541, 2
236, 3.228199821368056, 2
237, 3.2188490710569786, 2
238, 3.218405118147983, 2
239, 3.2068436946124215, 2
240, 3.2218235794610566, 2
241, 3.2254141337800806, 2
242, 3.215960028534624, 2
243, 2.8867779220523353, 2
244, 2.8827196253376655, 2
245, 2.882452327180211, 2
246, 2.8838886970485316, 2
247, 2.8635722799386394, 2
248, 2.8771531416786593, 2
249, 2.8579835212607523, 2
250, 2.8114758042302714, 2
251, 3.1564686180868584, 2
252, 3.167045393371739, 2
253, 3.475897639458851, 2
254, 3.452762499650539, 2
255, 3.1696365661164836, 2
256, 1.996437480681776, 2
257, 3.7141692225003196, 2
258, 3.0428537147860517, 2
259, 2.7393334228470962, 2
260, 2.7507002523422877, 2
261, 3.4674257494715746, 2
262, 3.8284770761917026, 2
263, 3.833176647273579, 2
264, 4.964774335819714, 2
265, 4.289183827457429, 2
266, 4.284040806954965, 2
267, 4.246183115650105, 2
268, 4.290139069422219, 2
269, 4.389252156512052, 2
270, 4.280890382428602, 2
271, 4.645180717642671, 2
272, 4.887869197141298, 2
273, 4.798820401367389, 2
274, 4.8040600660798525, 2
275, 5.441447503251609, 2
276, 5.44634529090666, 2
277, 5.7340233767029325, 3
278, 5.6944787265949985, 3
279, 5.751790929109959, 3
280, 5.484162065963563, 3
281, 5.041930242261581, 3
282, 5.10824646752369, 3
283, 5.071183931685976, 3
284, 5.132067618563996, 3
285, 5.124549612024943, 3
286, 5.054104412701436, 3
287, 5.071707168750966, 3
288, 5.118153993310771, 3
289, 5.0464207737252575, 3
290, 5.029373505793736, 3
291, 5.062701609293831, 3
292, 5.020530738728069, 3
293, 5.083357027975433, 3
294, 5.047796640023525, 3
295, 5.031128214184299, 3
296, 5.031567929620308, 3
297, 5.423839442088344, 3
298, 5.0821440753175295, 3
299, 5.399944253486582, 3
300, 4.5287673106964155, 2
301, 4.485618206382202, 2
302, 4.487820039224882, 2
303, 4.493167438197252, 2
304, 4.4661386191369346, 2
305, 4.488189330982294, 2
306, 5.301906452555254, 2
307, 4.6884793576367185, 2
308, 4.672778073317114, 2
309, 4.68017787602885, 2
310, 4.458742220081457, 2
311, 4.486527285095372, 2
312, 4.464242327146609, 2
313, 6.45093166912955, 3
314, 6.46990188334136, 3
315, 6.491002114359335, 3
316, 6.464563407311353, 3
317, 6.452527022076805, 3
318, 6.4541613000588995, 3
319, 6.482012656587719, 3
320, 6.127222258997285, 3
321, 6.115636723433927, 3
322, 6.152799873720617, 3
323, 6.437475485033718, 3
324, 6.435301382623382, 3
325, 6.625283678815607, 3
326, 6.655180121516235, 3
327, 6.639289229512607, 3
328, 6.639103255251166, 3
329, 6.649284597858611, 3
330, 6.650863669755676, 3
331, 6.736514370567622, 3
332, 6.5534473830755635, 3
333, 6.706974281285603, 3
334, 6.706976812174769, 3
335, 6.759552071778793, 3
336, 6.7095359226082785, 3
337, 6.743225738571224, 3
338, 7.174460238676538, 3
339, 7.103230797715423, 3
340, 7.114843662964238, 3
341, 6.622088318944962, 3
342, 6.676030310980861, 3
343, 6.550217238940146, 3
344, 6.473689977406777, 3
345, 9.0229052463751, 3
346, 9.529346314124616, 3
347, 9.09021448544887, 3
348, 9.139578527615276, 3
349, 10.190249421762434, 3
350, 10.636041825484813, 3
351, 7.497342561514056, 3
352, 7.383132983047099, 3
353, 7.5024107126874195, 3
354, 7.2512521082399015, 3
355, 7.349250414558438, 3
356, 7.559170038601381, 3
357, 7.441765776635969, 3
358, 7.298164491188551, 3
359, 7.331780565969756, 3
360, 7.472255550085349, 3
361, 7.522537180513539, 3
362, 7.5161780578707855, 3
363, 9.152102830172852, 3
364, 9.100973574495896, 3
365, 11.385319095042867, 3
366, 11.0479482712654, 3
367, 10.947652441573592, 3
368, 11.619693977893034, 3
369, 9.700214330510658, 3
370, 9.517990615521422, 3
371, 9.909929902011775, 3
372, 8.980958294490447, 3
373, 9.782353707432817, 3
374, 10.24864061403306, 3
375, 10.192114638518039, 3
376, 11.511726859971208, 3
377, 10.170160610996344, 3
378, 10.023588219376233, 3
379, 9.604534834582218, 3
380, 9.575150830034879, 3
381, 9.608356439879705, 3
382, 10.053857598680178, 3
383, 10.025464721611776, 3
384, 10.066924526060166, 3
385, 8.690242941697688, 3
386, 8.697906035844348, 3
387, 9.06231168088212, 3
388, 9.03903323606554, 3
389, 8.954831465749145, 3
390, 8.526204732526404, 3
391, 8.559975198516803, 3
392, 8.502122118365, 3
393, 11.518669180866736, 3
394, 8.367432757596056, 3
395, 8.35792397693315, 3
396, 8.291803042176548, 3
397, 8.305431485816085, 3
398, 9.302745661361659, 3
399, 9.324274516320264, 3
400, 9.276549602249727, 3
401, 10.092239648262657, 3
402, 8.265697764384509, 3
403, 8.215643856877012, 3
404, 8.251850193018258, 3
405, 7.775144024237927, 3
406, 7.8261976549640755, 3
407, 7.427641550985633, 3
408, 7.467761883447694, 3
409, 7.429794000179852, 3
410, 7.408636752138192, 3
411, 7.413166783853647, 3
412, 7.428437867775796, 3
413, 10.26879154058248, 3
414, 9.877238061450276, 3
415, 10.251393764795955, 3
416, 10.245008725275815, 3
417, 10.243722173111628, 3
418, 9.863830934716267, 3
419, 10.551215299486598, 3
420, 10.551819939351608, 3
421, 10.547524341778798, 3
422, 7.7880310027420965, 3
423, 7.778790200890582, 3
424, 7.826400902343853, 3
425, 7.77679578271534, 3
426, 7.091494495270072, 3
427, 7.667992334739374, 3
428, 7.698513417210597, 3
429, 7.6556291471297975, 3
430, 7.649230838430531, 3
431, 8.07155940160957, 3
432, 7.361276059298858, 3
433, 7.3674268528767906, 3
434, 6.883841625032002, 3
435, 6.825689877411467, 3
436, 6.807760697655844, 3
437, 6.842408323226644, 3
438, 7.702680447350639, 3
439, 7.714574314723423, 3
440, 7.688036823640082, 3
441, 6.786685206691771, 3
442, 6.781901052967626, 3
443, 6.782821887601861, 3
444, 7.560527239666083, 3
445, 7.261833617394311, 3
446, 7.2389494836785016, 3
447, 6.841213219103815, 3
448, 7.603598533034884, 3
449, 7.608813688891207, 3
450, 7.601264626908041, 3
451, 7.613174604968141, 3
452, 7.594149913166935, 3
453, 7.613593554475629, 3
454, 7.591865286787608, 3
455, 7.611827608949331, 3
456, 7.609524446927497, 3
457, 7.608531667414994, 3
458, 7.581028938522246, 3
459, 7.207474074844077, 3
460, 7.200285735326982, 3
461, 6.874775949614296, 3
462, 6.879903086228632, 3
463, 6.809429304415355, 3
464, 6.8108375679281385, 3
465, 6.81198813151725, 3
466, 6.811400502615145, 3
467, 6.795888216868681, 3
468, 6.816376968788961, 3
469, 7.713231881058264, 3
470, 7.714151996766499, 3
471, 6.719251036434478, 3
472, 6.733239798357071, 3
473, 6.743815723015069, 3
474, 9.97180020177428, 4
475, 10.829248360108698, 4
476, 9.926618993168855, 4
477, 9.99385208845942, 4
478, 10.860992351698501, 4
479, 9.817920424149873, 4
480, 9.825077910224564, 4
481, 9.829847817493262, 4
482, 9.910196576436434, 4
483, 9.491682505198845, 4
484, 8.207944375527447, 4
485, 8.189961949141521, 4
486, 8.119029309337987, 4
487, 8.19391784733113, 4
488, 8.052457370649458, 4
489, 8.127070167245167, 4
490, 8.098548973851633, 4
491, 8.1045362605779, 4
492, 8.163295682175608, 4
493, 8.150711515356717, 4
494, 8.094645568212277, 4
495, 8.133057828517575, 4
496, 8.113475724817636, 4
497, 8.125685949359587, 4
498, 8.059040659047028, 4
499, 8.157178809388641, 4
500, 8.119268571551824, 4
501, 8.181691967153814, 4
502, 8.106844830643432, 4
503, 8.140673265959657, 4
504, 8.105785085665506, 4
505, 8.123148386062809, 4
506, 8.219111798824002, 4
507, 9.738957333225994, 4
508, 9.848929972336217, 4
509, 9.92609840014211, 4
510, 9.834096186074001, 4
511, 9.838784487059403, 4
512, 9.713743787944455, 4
513, 9.696379933736022, 4
514, 9.730094913779666, 4
515, 9.755756280848106, 4
516, 9.795287404997346, 4
517, 9.85590045670946, 4
518, 9.701045583198889, 4
519, 9.6998459335803, 4
520, 9.916271299138602, 4
521, 9.921532029514738, 4
522, 9.695797432264648, 4
523, 11.33494580647963, 4
524, 11.33667200463586, 4
525, 10.978704626885639, 4
526, 11.303815722900707, 4
527, 11.258816138223914, 4
528, 11.457167900295573, 4
529, 11.371574904118111, 4
530, 9.65202203168828, 4
531, 9.63290140761447, 4
532, 9.562328999685999, 4
533, 9.601622577877846, 4
534, 9.527433093256407, 4
535, 9.562441265673675, 4
536, 9.20723296233555, 4
537, 9.46666898194551, 4
538, 9.455557686436068, 4
539, 9.526171424984614, 4
540, 9.529326730194212, 4
541, 9.486951406707893, 4
542, 9.214785835001575, 4
543, 9.20614998550637, 4
544, 9.158543556552974, 4
545, 9.240975838673466, 4
546, 9.195487865621226, 4
547, 9.435036207150642, 4
548, 9.52274794158027, 4
549, 9.482194556187123, 4
550, 9.517654029185556, 4
551, 9.576162240933932, 4
552, 9.461181181034576, 4
553, 9.517931564012805, 4
554, 9.486035560179268, 4
555, 9.504577238336394, 4
556, 9.517596179485878, 4
557, 9.476400416459402, 4
558, 11.027417683376159, 4
559, 11.058877651370064, 4
560, 10.948915472642504, 4
561, 11.054369605714513, 4
562, 10.997469164624396, 4
563, 10.94965257821614, 4
564, 12.953917508084047, 4
565, 12.926991051039456, 4
566, 12.949336149472943, 4
567, 12.961786317736424, 4
568, 12.954106319757589, 4
569, 15.139664175311786, 4
570, 15.207568540281573, 4
571, 15.724772925548498, 4
572, 15.723791073102497, 4
573, 16.188269214499726, 4
574, 16.098639099756586, 4
575, 16.076336205802008, 4
576, 16.87191281192801, 4
577, 16.93520094841244, 4
578, 17.011516671838656, 4
579, 17.01942567157225, 4
580, 17.834797262389817, 4
581, 17.532572556795202, 4
582, 17.51794059560833, 4
583, 14.860749180600093, 4
584, 14.796739750529946, 4
585, 14.916031578562814, 4
586, 16.159203710151633, 4
587, 13.714227862040387, 4
588, 13.734563507600413, 4
589, 13.641629533318884, 4
590, 14.135710250795125, 4
591, 14.100271257708107, 4
592, 15.071069003162501, 4
593, 13.62251537231312, 4
594, 13.651595785044671, 4
595, 13.590135104122519, 4
596, 15.1548849265004, 4
597, 14.158390760422131, 4
598, 14.061686639769233, 4
599, 14.0922781524601, 4
600, 13.680834495299095, 4
601, 13.582891712699974, 4
602, 13.664382209767467, 4
603, 15.671562210795377, 4
604, 15.717498415125249, 4
605, 15.666549234990667, 4
606, 15.654404519544192, 4
607, 16.10589587676984, 4
608, 13.155515023911718, 4
609, 13.09843534438517, 4
610, 12.763630568394289, 4
611, 11.978191290351525, 4
612, 11.89056764613227, 4
613, 11.89525195367481, 4
614, 11.931372933662168, 4
615, 12.401365769628356, 4
616, 12.452299852256871, 4
617, 13.213934860684573, 4
618, 13.1600789056662, 4
619, 12.477897989962287, 4
620, 13.863262160265098, 4
621, 13.89046778255598, 4
622, 13.88864926707884, 4
623, 13.041282530573758, 4
624, 13.014203939906405, 4
625, 12.880555513754626, 4
626, 12.564358701510667, 4
627, 12.504112429251176, 4
628, 12.894987149487259, 4
629, 12.883495913937809, 4
630, 12.44833241273615, 4
631, 10.36561806737884, 4
632, 10.7302312389807, 4
633, 10.721088086860945, 4
634, 10.740956124030763, 4
635, 10.701292270246796, 4
636, 10.72070993181055, 4
637, 10.674779820506222, 4
638, 9.985151345717737, 4
639, 10.669176601025693, 4
640, 9.984844446605976, 4
641, 9.96029919565508, 4
642, 9.967466209426384, 4
643, 10.663967612114327, 4
644, 10.2349052391434, 4
645, 10.574927451973432, 4
646, 10.600662353310842, 4
647, 10.304354234955015, 4
648, 10.597783386767707, 4
649, 11.293543271494231, 4
650, 11.245911210376608, 4
651, 11.988893178457502, 4
652, 11.939866363102697, 4
653, 11.911158063901482, 4
654, 11.980283467327123, 4
655, 11.926233933509012, 4
656, 11.975794701883355, 4
657, 11.957408875347472, 4
658, 11.193875161502318, 4
659, 11.995735715613318, 4
660, 11.91415216652232, 4
661, 12.029290620338466, 4
662, 12.007690117854345, 4
663, 12.478431728539608, 4
664, 12.545610715986896, 4
665, 12.543422231144625, 4
666, 12.502832869802909, 4
667, 12.488985196261769, 4
668, 11.818947065895, 4
669, 11.569942365473151, 4
670, 11.962037650588886, 4
671, 11.872893848525381, 4
672, 12.343837817725758, 4
673, 12.233088877173856, 4
674, 12.193752938717646, 4
675, 12.245148964247521, 4
676, 12.226389479791965, 4
677, 12.655944675976091, 4
678, 12.620565539917889, 4
679, 12.651636826790323, 4
680, 12.68978620790184, 4
681, 12.605554381684144, 4
682, 12.58957296314794, 4
683, 12.21532361994397, 4
684, 12.926771099077827, 4
685, 12.862436371570713, 4
686, 12.507952487931185, 4
687, 12.975409045077559, 4
688, 12.19303100352655, 4
689, 12.74860896521078, 4
690, 12.734947254196415, 4
691, 13.243523383304144, 4
692, 11.625380389199803, 4
693, 11.578251045801307, 4
694, 11.573295984698827, 4
695, 11.554852687512183, 4
696, 11.892950553296767, 4
697, 11.872590006454411, 4
698, 11.479486177766368, 4
699, 11.453960339314909, 4
700, 11.410083026886426, 4
701, 12.386501733868618, 4
702, 12.377529243447336, 4
703, 12.39398568232262, 4
704, 12.96283185232091, 4
705, 12.557374835352189, 4
706, 12.859338969513406, 4
707, 12.861796913424067, 4
708, 13.25448214588381, 4
709, 13.299274044792696, 4
710, 13.271109836923516, 4
711, 13.395146991588511, 4
712, 14.162246242250148, 4
713, 14.110297604742925, 4
714, 14.494117174163723, 4
715, 14.907607813296124, 4
716, 14.896404166117323, 4
717, 14.889005052982245, 4
718, 15.532929176032642, 4
719, 15.4944355623391, 4
720, 15.47635590632726, 4
721, 15.46340555356329, 4
722, 15.4445425568655, 4
723, 14.805164532610883, 4
724, 14.81168170462403, 4
725, 14.76384775371052, 4
726, 14.788131205087518, 4
727, 14.790152419694168, 4
728, 14.767770996131885, 4
729, 13.894863514460447, 4
730, 14.308095016436429, 4
731, 14.306316320118562, 4
732, 14.000703850913409, 4
733, 13.681515661088994, 4
734, 13.678271292391939, 4
735, 13.583086954141994, 4
736, 13.597172839330264, 4
737, 11.621668046871715, 4
738, 11.536184827555749, 4
739, 11.47466219351056, 4
740, 11.400976042077685, 4
741, 11.46508868838284, 4
742, 11.442226995412625, 4
743, 11.41526778526931, 4
744, 11.365922100870844, 4
745, 11.383373551879732, 4
746, 11.376377944071885, 4
747, 11.397336860181651, 4
748, 11.849497132035454, 4
749, 11.743414087503666, 4
750, 12.30139350418088, 4
751, 11.72022970523292, 4
752, 11.26067383288277, 4
753, 10.843904338566952, 4
754, 11.190693770680408, 4
755, 11.804443890347132, 4
756, 11.773515568721434, 4
757, 10.831230281409955, 4
758, 10.627480245621898, 4
759, 10.81208304196671, 4
760, 10.884195444947693, 4
761, 10.806012812942832, 4
762, 10.604389903191212, 4
763, 10.874598136220323, 4
764, 10.829087005717756, 4
765, 10.798135988236524, 4
766, 10.772409262263842, 4
767, 11.18534576738621, 4
768, 11.52323368972758, 4
769, 11.492616368814694, 4
770, 11.236194094736708, 4
771, 12.570025000679884, 4
772, 12.56044910708347, 4
773, 12.874374470997285, 4
774, 12.897132855742717, 4
775, 12.875409815663772, 4
776, 12.553586642293302, 4
777, 12.54361239751231, 4
778, 12.525779782802736, 4
779, 12.645773144556447, 4
780, 12.567519613882364, 4
781, 12.555491754337046, 4
782, 12.556254236970377, 4
783, 11.807629879933808, 4
784, 12.134074062762334, 4
785, 12.130824238494052, 4
786, 12.510939934961842, 4
787, 10.386882059084721, 4
788, 10.34965024748796, 4
789, 10.409447466690134, 4
790, 10.710187966337598, 4
791, 10.727715183717766, 4
792, 10.779857889551696, 4
793, 10.735301802628607, 4
794, 11.309677934039275, 4
795, 11.32369395606662, 4
796, 10.838111044718177, 4
797, 11.292927085148687, 4
798, 11.30784476800589, 4
799, 10.71064668141627, 4
800, 11.616253113170105, 4
801, 11.62433387429703, 4
802, 11.585651342432755, 4
803, 11.583649917959557, 4
804, 11.622599961686324, 4
805, 12.209862995516577, 4
806, 11.605850726393479, 4
807, 12.126775956807121, 4
808, 12.183191045999399, 4
809, 11.587838720848556, 4
810, 11.554135683124652, 4
811, 12.212893036029433, 4
812, 12.258989303882373, 4
813, 12.249226399000204, 4
814, 12.181802784471945, 4
815, 12.174687716175553, 4
816, 12.210374155705487, 4
817, 11.60862296411052, 4
818, 11.674601279774684, 4
819, 11.671918316953086, 4
820, 12.139123218009585, 4
821, 12.185491035215472, 4
822, 11.61798383870833, 4
823, 16.202213852851585, 5
824, 15.943480102245253, 5
825, 16.326817949307888, 5
826, 16.294982042598406, 5
827, 16.28826057279257, 5
828, 16.329109622727465, 5
829, 17.526407953953676, 5
830, 15.749227689561721, 5
831, 16.421603040168467, 5
832, 16.123660175645732, 5
833, 16.134802780542024, 5
834, 16.120430807109948, 5
835, 16.122024272331874, 5
836, 16.193687456887684, 5
837, 16.08971871961315, 5
838, 16.06941281862335, 5
839, 16.14111052644227, 5
840, 16.150733283941722, 5
841, 16.328013775038936, 5
842, 19.426688070228415, 6
843, 19.452113523234793, 6
844, 19.487018785216744, 6
845, 19.424129487306086, 6
846, 19.79201439158244, 6
847, 19.818100272460253, 6
848, 19.733159308166254, 6
849, 19.75597700054355, 6
850, 19.82721991831262, 6
851, 19.79283804707213, 6
852, 19.822607979472476, 6
853, 19.764033551951343, 6
854, 19.364965223837082, 6
855, 36.10315636993004, 6
856, 37.80344650767765, 6
857, 38.035828972358104, 6
858, 37.91438019000562, 6
859, 37.9419986077811, 6
860, 38.032156954942955, 6
861, 37.93998706683144, 6
862, 37.8247350110595, 6
863, 38.30757066188047, 6
864, 38.81665585787554, 6
865, 38.044696848168414, 6
866, 38.17889575391637, 6
867, 34.475140362853786, 5
868, 34.08431141793003, 5
869, 34.530170033868586, 5
870, 36.13117807976938, 5
871, 36.232540007666806, 5
872, 38.69057637535581, 6
873, 39.177479951205626, 6
874, 39.094675735797864, 6
875, 39.15610913382345, 6
876, 40.356038699976516, 6
877, 40.266976212043026, 6
878, 40.37905311825195, 6
879, 40.272179290053955, 6
880, 40.7859288471227, 6
881, 40.15810350014635, 6
882, 40.95366613656009, 6
883, 39.79322949297511, 6
884, 40.808318712184196, 6
885, 40.101910590208426, 6
886, 40.10638663431495, 6
887, 40.75078300274467, 6
888, 40.66142818356904, 6
889, 49.785367734204016, 6
890, 49.824204239204256, 6
891, 49.82118325113504, 6
892, 49.81135513671503, 6
893, 49.76327178664827, 6
894, 49.860364731720075, 6
895, 49.716038178845416, 6
896, 49.75908517047912, 6
897, 49.82293997219067, 6
898, 49.78406438279054, 6
899, 49.74543214844274, 6
900, 49.1783237331058, 6
901, 49.0837949696493, 6
902, 48.48694201188495, 6
903, 48.50184169612903, 6
904, 50.32155119305008, 6
905, 51.00314438660956, 6
906, 50.36336369019838, 6
907, 50.3669760627001, 6
908, 50.501704760056114, 6
909, 49.927727014794684, 6
910, 49.91496864423947, 6
911, 49.945593880477716, 6
912, 49.58195810609577, 6
913, 49.4973465039253, 6
914, 49.57599718849293, 6
915, 50.320381962252235, 6
916, 50.276779124660614, 6
917, 50.37713235742482, 6
918, 50.42047099289154, 6
919, 50.31282374022179, 6
920, 50.3093413621933, 6
921, 50.37051055726139, 6
922, 50.41126030488318, 6
923, 50.28860161879302, 6
924, 50.83547206625576, 6
925, 50.35533763387528, 6
926, 50.45905076929851, 6
927, 51.24238527562667, 6
928, 50.66210323160834, 6
929, 50.72534533593097, 6
930, 50.580316133399485, 6
931, 50.0933014192845, 6
932, 50.40419610636722, 6
933, 51.32978467244551, 6
934, 51.33775881441193, 6
935, 51.9259105048834, 6
936, 52.46255022274914, 6
937, 53.99076565189142, 6
938, 53.84254845275526, 6
939, 52.110450413647165, 6
940, 51.889455062286785, 6
941, 51.83191091817077, 6
942, 51.83133642436101, 6
943, 51.8376333562609, 6
944, 51.76638860620609, 6
945, 51.7461985326679, 6
946, 51.21428724150092, 6
947, 52.79439145633593, 6
948, 52.73760873014495, 6
949, 52.74416074876421, 6
950, 49.9916293861888, 6
951, 50.468474297221356, 6
952, 50.44111810090914, 6
953, 50.055105497660364, 6
954, 50.01256683586092, 6
955, 50.381703960616846, 6
956, 52.923006778521305, 6
957, 50.69516175579199, 6
958, 50.14963866346528, 6
959, 49.82982508280575, 6
960, 49.74637518986174, 6
961, 47.453992635592456, 6
962, 49.03731451203465, 6
963, 49.46925878970849, 6
964, 48.95441559968921, 6
965, 49.461201021596125, 6
966, 49.41345053554752, 6
967, 47.091110831666434, 6
968, 47.28318703671784, 6
969, 47.37857383650281, 6
970, 47.35578186763042, 6
971, 47.26609258391555, 6
972, 47.2514472731055, 6
973, 47.32238993995568, 6
974, 47.2404956389177, 6
975, 47.884691850920845, 6
976, 47.59643851127244, 6
977, 47.974611225548266, 6
978, 48.36006734285133, 6
979, 49.90175488481718, 6
980, 49.93966515633462, 6
981, 50.75567090266696, 6
982, 50.671160413527254, 6
983, 50.72516154587261, 6
984, 50.332338438869755, 6
985, 48.56961324249821, 6
986, 48.525536318118114, 6
987, 47.2976866696295, 6
988, 47.322920575139904, 6
989, 47.25239798036253, 6
990, 47.3423338838048, 6
991, 47.51755023114991, 6
992, 48.3682307961141, 6
993, 48.32330822179076, 6
994, 48.392638847808215, 6
995, 49.83314778574996, 6
996, 49.25852572606582, 6
997, 49.1873380491323, 6
998, 49.195131177353694, 6
999, 47.412679718275974, 6
1000, 47.52976767941031, 6
1001, 47.87363630185386, 6
1002, 47.0551607851428, 6
1003, 48.481566233754315, 6
1004, 48.573652803307944, 6
1005, 48.00892880974265, 6
1006, 48.36411972266846, 6
1007, 48.343896390996406, 6
1008, 48.00138351854979, 6
1009, 48.273078085565274, 6
1010, 48.01269151230431, 6
1011, 48.30548823933955, 6
1012, 47.670535600448005, 6
1013, 47.59008093643628, 6
1014, 48.02217786896223, 6
1015, 48.04843973388725, 6
1016, 48.010172527758534, 6
1017, 48.095221449281006, 6
1018, 48.54388732633792, 6
1019, 50.46113919872559, 6
1020, 50.45137461001166, 6
1021, 50.42481218156239, 6
1022, 51.09941238359198, 6
1023, 51.022037966927236, 6
1024, 50.553807091882504, 6
1025, 50.938546779413414, 6
1026, 50.96100865409809, 6
1027, 48.10455927134501, 6
1028, 48.13587949433408, 6
1029, 48.26410419608501, 6
1030, 49.15483107185211, 6
1031, 49.17529040957322, 6
1032, 48.69854470131531, 6
1033, 48.928350965923265, 6
1034, 48.98141864454768, 6
1035, 48.5981830355298, 6
1036, 48.66277211752999, 6
1037, 48.657200744907406, 6
1038, 49.04807754960851, 6
1039, 49.01479900437392, 6
1040, 49.12757701502462, 6
1041, 48.9314257729294, 6
1042, 48.532070847018815, 6
1043, 48.85364921838704, 6
1044, 48.451684553578275, 6
1045, 48.09898766445751, 6
1046, 48.13338238492336, 6
1047, 47.57840275401328, 6
1048, 49.26189120135767, 6
1049, 49.32300507238251, 6
1050, 51.01715954479433, 6
1051, 50.04939390989323, 6
1052, 49.96386972420879, 6
1053, 50.904459051850246, 6
1054, 50.84594675678742, 6
1055, 50.36729247206708, 6
1056, 50.266571290571044, 6
1057, 50.888265982351406, 6
1058, 50.87635897405353, 6
1059, 51.877425085644774, 6
1060, 51.48421774025515, 6
1061, 50.34189932186662, 6
1062, 50.85194317620548, 6
1063, 50.83189091665617, 6
1064, 50.798379424508596, 6
1065, 50.78574894704462, 6
1066, 50.852620830109714, 6
1067, 51.17585215652618, 6
1068, 51.773981614621306, 6
1069, 51.79758132790768, 6
1070, 51.17115346629386, 6
1071, 51.32439231677739, 6
1072, 51.193351690354206, 6
1073, 50.89836682546805, 6
1074, 50.866492045022355, 6
1075, 50.42821808961136, 6
1076, 50.43322114605, 6
1077, 50.81524772118732, 6
1078, 51.41455398103428, 6
1079, 51.48366648778793, 6
1080, 51.37313372951017, 6
1081, 51.88343336412698, 6
1082, 51.526263781436164, 6
1083, 51.435689956159656, 6
1084, 50.842992202685146, 6
1085, 50.38912122066596, 6
1086, 50.251597054402, 6
1087, 53.01168118689729, 6
1088, 53.58273931369764, 6
1089, 54.18863839516545, 6
1090, 52.11434476541573, 6
1091, 56.001485691165534, 7
1092, 55.328197831412346, 7
1093, 55.852831332706145, 7
1094, 56.383821512574436, 7
1095, 56.23258177196859, 7
1096, 56.31927506800154, 7
1097, 65.9790173528896, 7
1098, 66.34328548446486, 7
1099, 66.26366022889788, 7
1100, 66.4677224726763, 7
1101, 67.07569152832879, 7
1102, 66.54959108105048, 7
1103, 68.30942004067457, 7
1104, 68.75765659212831, 7
1105, 69.16668462559696, 7
1106, 69.25274687191519, 7
1107, 69.71128600664832, 7
1108, 69.65537910870088, 7
1109, 69.1156365613025, 7
1110, 69.05102330661084, 7
1111, 69.04705224205041, 7
1112, 69.65172311915684, 7
1113, 69.01444731672298, 7
1114, 69.053960004789, 7
1115, 68.99185294636379, 7
1116, 66.69564435641267, 7
1117, 66.74774992060881, 7
1118, 66.23574466437411, 7
1119, 66.27566919905838, 7
1120, 66.22255485786296, 7
1121, 72.38838367395643, 8
1122, 72.16505735638674, 8
1123, 72.00329590409217, 8
1124, 71.48981462827908, 8
1125, 72.32443461558287, 8
1126, 72.83635282360265, 8
1127, 72.81998807160659, 8
1128, 73.669614350668, 8
1129, 73.54613770903525, 8
1130, 71.48458778891015, 8
1131, 71.89912346235889, 8
1132, 71.47553862811384, 8
1133, 71.53066137139355, 8
1134, 70.84169650305515, 8
1135, 71.46071293878272, 8
1136, 71.47210687113129, 8
1137, 71.41997092232634, 8
1138, 82.35196515548604, 8
1139, 82.30897012697889, 8
1140, 82.11953908854377, 8
1141, 82.1058707884915, 8
1142, 82.32660521869909, 8
1143, 82.31501337268966, 8
1144, 82.42698684430088, 8
1145, 84.83115134899963, 8
1146, 90.85882274504056, 9
1147, 91.36794391715085, 9
1148, 91.45399238556816, 9
1149, 91.35315129023434, 9
1150, 93.37381589624975, 9
1151, 93.50016392784696, 9
1152, 92.79403042727463, 9
1153, 92.61874435289684, 9
1154, 92.9034642202588, 9
1155, 92.0570308881374, 9
1156, 92.07082351213911, 9
1157, 92.00840898738974, 9
1158, 91.87437783432733, 9
1159, 91.64716364073307, 9
1160, 93.59506291901353, 9
1161, 93.57182031228265, 9
1162, 93.57358752569247, 9
1163, 94.36723617655556, 9
1164, 106.04856853814299, 9
1165, 105.1711603878132, 9
1166, 105.1478526838193, 9
1167, 105.14938535828641, 9
1168, 104.82418966569031, 9
1169, 104.35462947166027, 9
1170, 104.57255735054969, 9
1171, 104.37517979501422, 9
1172, 104.05690235723304, 9
1173, 103.78562814885626, 9
1174, 106.94794632646494, 9
1175, 104.58427283500727, 9
1176, 102.27074977803494, 9
1177, 101.98154866158137, 9
1178, 102.32336435414791, 9
1179, 102.50477407989914, 9
1180, 104.14350521265918, 9
1181, 104.52063623044654, 9
1182, 104.10576834305142, 9
1183, 105.02358494136358, 9
1184, 105.01051065097099, 9
1185, 104.41641995473921, 9
1186, 104.5653441022089, 9
1187, 104.73130117360186, 9
1188, 104.73430836234971, 9
1189, 105.01645937203072, 9
1190, 107.32690480528197, 9
1191, 108.8233301282582, 9
1192, 108.6656663142247, 9
1193, 108.74133980128249, 9
1194, 112.36224360582217, 9
1195, 111.86978710379917, 9
1196, 111.95984509184206, 9
1197, 111.13165704124117, 9
1198, 110.45827584470689, 9
1199, 110.54704558628028, 9
1200, 110.7858918286102, 9
1201, 111.45670379421445, 9
1202, 112.0763904830603, 9
1203, 112.4098381330715, 9
1204, 112.52860540579609, 9
1205, 114.78093021999636, 9
1206, 113.19458449286186, 9
1207, 113.1815203760596, 9
1208, 114.6952140393941, 9
1209, 114.62368778013358, 9
1210, 114.66002052683824, 9
1211, 114.61687280166348, 9
1212, 114.23787726851859, 9
1213, 114.56891146069938, 9
1214, 114.00032645589842, 9
1215, 114.21041887771834, 9
1216, 113.23048452654253, 9
1217, 113.26700118226702, 9
1218, 113.9018347100972, 9
1219, 114.65045357017705, 9
1220, 114.0243231665948, 9
1221, 113.70524368311803, 9
1222, 113.7069903328999, 9
1223, 113.68326142838872, 9
1224, 113.71348396727646, 9
1225, 113.68315227192512, 9
1226, 114.31475658703383, 9
1227, 113.06717887812772, 9
1228, 114.34031863986952, 9
1229, 114.43416780863996, 9
1230, 114.86873246995296, 9
1231, 115.53082242974314, 9
1232, 115.55186901798709, 9
1233, 115.6198658306791, 9
1234, 116.09727843003871, 9
1235, 116.17553040432259, 9
1236, 116.33512924359263, 9
1237, 116.15474145626725, 9
1238, 116.89538816174313, 9
1239, 116.76482204344315, 9
1240, 116.77087452927073, 9
1241, 116.83072968403741, 9
1242, 119.30307757403214, 9
1243, 124.38600700656136, 10
1244, 123.60635590260937, 10
1245, 124.23343957029276, 10
1246, 123.06268593140959, 10
1247, 122.89059074387387, 10
1248, 123.20998824843659, 10
1249, 123.83218104164544, 10
1250, 124.00252195295434, 10
1251, 135.45224632001757, 10
1252, 136.8589820091261, 10
1253, 135.67540167625634, 10
1254, 134.393286408641, 10
1255, 134.36119614138678, 10
1256, 135.37197402254438, 10
1257, 135.37831547098983, 10
1258, 135.45884635214168, 10
1259, 134.7486679169414, 10
1260, 134.80050901262936, 10
1261, 138.1282516964901, 10
1262, 138.14513581568022, 10
1263, 138.28985213973766, 10
1264, 138.2237861838015, 10
1265, 138.19294395802746, 10
1266, 139.6395697668418, 10
1267, 139.68794060782886, 10
1268, 139.54150220442727, 10
1269, 139.4722991259753, 10
1270, 138.83622206098212, 10
1271, 138.81001790717104, 10
1272, 135.92453106829208, 10
1273, 135.0884644554064, 10
1274, 136.49559518630258, 10
1275, 138.07414588132858, 10
1276, 137.10070415064396, 10
1277, 137.27905063026267, 10
1278, 136.65704123101838, 10
1279, 136.5980984575941, 10
1280, 134.64042206230909, 10
1281, 135.28008193464441, 10
1282, 136.2377064549158, 10
1283, 135.1337999376049, 10
1284, 135.282524090358, 10
1285, 134.59612573986163, 10
1286, 135.0961998393834, 10
1287, 138.07981294934987, 10
1288, 143.6991547290927, 11
1289, 144.72369440529272, 11
1290, 143.87482320297855, 11
1291, 143.7383122311966, 11
1292, 144.00607559914582, 11
1293, 143.92122445513203, 11
1294, 144.56808810488195, 11
1295, 143.9180027708697, 11
1296, 143.89306349566212, 11
1297, 144.0814672437806, 11
1298, 141.22734271174338, 11
1299, 143.93950330407654, 11
1300, 143.3634799701581, 11
1301, 143.85521491237586, 11
1302, 152.94772887713603, 12
1303, 152.98791264765902, 12
1304, 152.98209431300776, 12
1305, 166.17606019830492, 12
1306, 165.46350456824334, 12
1307, 165.67634701039216, 12
1308, 166.38747871090303, 12
1309, 167.00375789244706, 12
1310, 166.24197365197446, 12
1311, 165.20152013053868, 12
1312, 165.27630583944486, 12
1313, 168.74112892286004, 12
1314, 167.84915525645832, 12
1315, 164.91603119275769, 12
1316, 178.53194901930658, 12
1317, 178.62875329090156, 12
1318, 175.65790507941642, 12
1319, 175.83161577031464, 12
1320, 172.73081653433093, 12
1321, 174.52621837890368, 12
1322, 174.96511810633513, 12
1323, 175.04875481657749, 12
1324, 177.8721688193604, 12
1325, 177.45068210702772, 12
1326, 177.47277354503186, 12
1327, 178.04505338212158, 12
1328, 177.62075149481103, 12
1329, 178.15892565632296, 12
1330, 188.13803325048363, 13
1331, 187.86351250464958, 13
1332, 186.89358157786566, 13
1333, 186.94116283957175, 13
1334, 187.29419604877964, 13
1335, 188.36072768960918, 13
1336, 188.1859003949202, 13
1337, 175.07315228717172, 12
1338, 174.8518498364785, 12
1339, 175.00865781228927, 12
1340, 182.0636364481432, 13
1341, 181.12443325278778, 13
1342, 183.58583396079476, 13
1343, 183.43351906600304, 13
1344, 181.57319699686872, 13
1345, 180.7891783644884, 13
1346, 180.6843130504016, 13
1347, 180.46663241750267, 13
1348, 181.3356869305167, 13
1349, 181.40036745344779, 13
1350, 181.7426243032155, 13
1351, 181.9463627237409, 13
1352, 181.7685520485407, 13
1353, 181.8323160628579, 13
1354, 184.34143674591456, 13
1355, 184.66178691208452, 13
1356, 187.3526287839774, 13
1357, 191.41248694185586, 13
1358, 193.193879274868, 13
1359, 193.2985537310786, 13
1360, 192.06024283392748, 13
1361, 192.66114713268118, 13
1362, 194.14664447228006, 13
1363, 185.3254683856993, 12
1364, 184.99086240062664, 12
1365, 183.43389539279588, 12
1366, 183.07235430440093, 12
1367, 182.0863862030758, 12
1368, 187.08801000246302, 13
1369, 187.37791664143157, 13
1370, 186.35070078100247, 13
1371, 186.3357629392064, 13
1372, 185.08410281661523, 13
1373, 185.9365906707703, 13
1374, 186.15520100875713, 13
1375, 186.14430850568243, 13
1376, 186.78040763133288, 13
1377, 186.92471641630246, 13
1378, 187.5849892058743, 13
1379, 183.91519044720127, 13
1380, 183.7831538086863, 13
1381, 183.374353966288, 13
1382, 182.5740900530085, 13
1383, 182.92929712983212, 13
1384, 182.9361780288079, 13
1385, 183.5396146312113, 13
1386, 184.22104622708673, 13
1387, 197.01752430243812, 13
1388, 196.39863626704016, 13
1389, 196.4707022097595, 13
1390, 195.62221443293828, 13
1391, 196.45009350300933, 13
1392, 195.3403341235517, 13
1393, 195.2002081507647, 13
1394, 195.81214432169298, 13
1395, 195.98232881482136, 13
1396, 195.8875382307661, 13
1397, 194.52528479020788, 13
1398, 195.8247475209467, 13
1399, 196.44481780089382, 13
1400, 196.36437059620204, 13
1401, 197.08135133743815, 13
1402, 196.3662056807243, 13
1403, 197.45011275534148, 13
1404, 198.02254830546013, 13
1405, 206.3221368267594, 14
1406, 203.96667123556415, 14
1407, 203.97832211329018, 14
1408, 203.2545650521011, 14
1409, 203.08970045720338, 14
1410, 203.02367480739963, 14
1411, 205.24726877612682, 14
1412, 206.0709785413133, 14
1413, 207.04935768247395, 14
1414, 207.20263262921526, 14
1415, 206.26781237972926, 14
1416, 209.67093259705496, 14
1417, 209.65528351930885, 14
1418, 210.30820104208914, 14
1419, 210.17215393174087, 14
1420, 215.08071526850193, 15
1421, 205.3998663998584, 14
1422, 204.6483451358804, 14
1423, 199.99920367713656, 14
1424, 200.22563426668887, 14
1425, 200.45145385843972, 14
1426, 196.79683492072832, 14
1427, 196.9549498784939, 14
1428, 196.74312100263785, 14
1429, 198.05242882068382, 14
1430, 201.63330168074316, 14
1431, 198.70858211082555, 14
1432, 212.69252411696345, 14
1433, 212.84057874898645, 14
1434, 211.92583279106196, 14
1435, 212.61352312951135, 14
1436, 211.4013437063262, 14
1437, 211.82157557952223, 14
1438, 212.31492061138547, 14
1439, 212.24706790540162, 14
1440, 212.268960183144, 14
1441, 213.93450262488514, 14
1442, 213.63671529002409, 14
1443, 213.78517002011182, 14
1444, 211.0936814307572, 14
1445, 210.27222465166153, 14
1446, 210.945138392005, 14
1447, 210.90044345021596, 14
1448, 210.201309993962, 14
1449, 210.129028998651, 14
1450, 209.99251884618988, 14
1451, 210.66437230425456, 14
1452, 210.62782998418845, 14
1453, 210.64523624453528, 14
1454, 210.60071968250267, 14
1455, 208.90071207062073, 14
1456, 206.3463821168626, 14
1457, 207.9078759211081, 14
1458, 208.53940581372245, 14
1459, 205.9175359079008, 14
1460, 205.9555983088138, 14
1461, 206.0029340243701, 14
1462, 205.71514330876465, 14
1463, 205.62007266435612, 14
1464, 204.96471048356082, 14
1465, 204.96704397785734, 14
1466, 204.93630251548726, 14
1467, 207.26384985845988, 14
1468, 205.72767947989928, 14
1469, 206.63537664084785, 14
1470, 207.02615057104745, 14
1471, 207.00776339337577, 14
1472, 206.89342805289175, 14
1473, 210.12356356722395, 14
1474, 210.78892195213123, 14
1475, 210.2727963116529, 14
1476, 212.77417627543193, 14
1477, 212.77169246511755, 14
1478, 212.73951240094547, 14
1479, 212.29273207925132, 14
1480, 212.14143490288362, 14
1481, 212.31905682409155, 14
1482, 213.38060369826093, 14
1483, 212.84305491204955, 14
1484, 211.52276523028826, 14
1485, 212.69228676037383, 14
1486, 212.76021008038262, 14
1487, 212.78748496383474, 14
1488, 212.69454605846215, 14
1489, 212.51881611908993, 14
1490, 212.73440130841675, 14
1491, 214.47535762520394, 14
1492, 215.15522411035562, 14
1493, 212.0929150802269, 14
1494, 212.29738056770094, 14
1495, 211.4330040612003, 14
1496, 214.28775629983053, 14
1497, 214.12816188122534, 14
1498, 213.9452514323653, 14
