0, 0, 2
1, 0, 2
2, 0, 2
3, 0, 2
4, 0, 2
5, 0, 2
6, 0, 2
7, 0, 2
8, 0, 2
9, 0, 2
10, 0, 2
11, 0, 2
12, 0, 2
13, 0, 2
14, 0, 2
15, 0, 2
16, 1.3862943611198906, 2
17, 1.3862943611198906, 2
18, 1.3862943611198906, 2
19, 1.3862943611198906, 2
20, 4.394449154672439, 2
21, 4.394449154672439, 2
22, 4.394449154672439, 2
23, 4.394449154672439, 2
24, 4.394449154672439, 2
25, 4.394449154672439, 2
26, 4.394449154672439, 2
27, 4.394449154672439, 2
28, 4.394449154672439, 2
29, 7.167037876912221, 2
30, 7.167037876912221, 2
31, 7.167037876912221, 2
32, 7.167037876912221, 2
33, 3.5835189384561104, 2
34, 3.5835189384561104, 2
35, 9.599828525561207, 2
36, 9.599828525561207, 2
37, 11.748572147334059, 2
38, 5.642757772818427, 2
39, 3.347464526278995, 2
40, 23.911907633525463, 2
41, 4.796994107664521, 2
42, 3.8391474591941996, 2
43, 8.609529469132067, 2
44, 4.151112396377164, 2
45, 3.7278703346321866, 2
46, 3.83504721570714, 2
47, 3.2301973638466346, 2
48, 0.6029937311214498, 2
49, 2.5752588897429938, 2
50, 0.9280378252559209, 2
51, 4.056184469466559, 2
52, 3.5774880638376683, 2
53, 1.7683533721656814, 2
54, 0.5931574925365056, 2
55, 2.135118410528272, 2
56, 1.8090803954727506, 2
57, 0.9482451732315411, 2
58, 1.1269803747874287, 2
59, 1.6925622756262804, 2
60, 1.5101303412149085, 2
61, 1.8307566072990875, 2
62, 1.0514964539082643, 2
63, 1.0510236516964544, 2
64, 2.846509335704075, 2
65, 1.4140436465428436, 2
66, 0.7973520584622615, 2
67, 0.7675213158834164, 2
68, 1.4095111042344812, 2
69, 1.3753362987405768, 2
70, 0.39840849310280463, 2
71, 1.1655319144850564, 2
72, 1.3484199006653808, 2
73, 1.5680759158498483, 2
74, 0.3306381207820045, 2
75, 0.5477775019059776, 2
76, 0.13698650643440372, 2
77, 1.2908258236456678, 2
78, 0.9117159363154276, 2
79, 0.6035055966094727, 2
80, 0.43456516377296184, 2
81, 0.6739575432075245, 2
82, 0.8932452293060501, 2
83, 1.0205345629254579, 2
84, 0.2828255703583513, 2
85, 0.7613106129044404, 2
86, 0.232494902941486, 2
87, 0.7081721228101426, 2
88, 0.6027634043112962, 2
89, 0.8078738636216417, 2
90, 0.16089919575193368, 2
91, 0.22680952022979733, 2
92, 0.014336978957225013, 2
93, 0.6954360715066901, 2
94, 0.8124038425183209, 2
95, 0.6759429022730212, 2
96, 0.6720940792773804, 2
97, 0.35151857238496725, 2
98, 0.20567844865609872, 2
99, 0.3441320463430045, 2
100, 0.3376838073225209, 2
101, 0.06621864003197286, 2
102, 0.6194139687568093, 2
103, 0.6401716792107097, 2
104, 0.1740631898582545, 2
105, 0.3356220647579101, 2
106, 0.31251289842640084, 2
107, 0.009732379302345806, 2
108, 0.158087949382712, 2
109, 0.41565742264968564, 2
110, 0.14845605261088843, 2
111, 0.14211503817331209, 2
112, 0.20086253440537538, 2
113, 0.3729725866063948, 2
114, 0.34066157191749613, 2
115, 0.11655406125273007, 2
116, 0.20854811750097024, 2
117, 0.21729554876156185, 2
118, 0.06479144609451955, 2
119, 1.6561416322536437, 2
120, 1.5816300954055469, 2
121, 1.8022986895817452, 2
122, 1.8202982800186944, 2
123, 1.410805929335651, 2
124, 1.2833180589278947, 2
125, 1.3083692414636787, 2
126, 1.4928368286174027, 2
127, 0.10595689692153236, 2
128, 0.37547012231010624, 2
129, 0.15542418908362152, 2
130, 0.2076319786349223, 2
131, 0.30447338860527084, 2
132, 0.39721409348448156, 2
133, 0.21304622470971757, 2
134, 0.2959810728154934, 2
135, 0.06594293091411245, 2
136, 0.16210275818332365, 2
137, 3.1262775194140877, 2
138, 2.837223744230178, 2
139, 2.916224453712269, 2
140, 2.6538215935183445, 2
141, 2.5617744322537637, 2
142, 3.1106920527945996, 2
143, 4.012393635380924, 2
144, 1.4607959098770318, 2
145, 1.705843468141416, 2
146, 2.966009550598714, 2
147, 2.6401774528086013, 2
148, 3.6498483204906926, 2
149, 2.626981449855694, 2
150, 2.630790078789712, 2
151, 5.09919649189768, 2
152, 4.773809760040783, 2
153, 4.784037300571049, 2
154, 4.784093969017427, 2
155, 2.4852934881430286, 2
156, 2.463186613786325, 2
157, 2.5179857844266675, 2
158, 2.414081538386369, 2
159, 2.168591857082912, 2
160, 2.118812634926201, 2
161, 2.2607683758021606, 2
162, 3.6186369728872885, 2
163, 2.1464558168648864, 2
164, 1.951114945258452, 2
165, 1.981454154729933, 2
166, 1.9316422967724187, 2
167, 0.7560126853140208, 2
168, 0.36212418789807227, 2
169, 0.2157596410993629, 2
170, 0.3081462384196372, 2
171, 0.13713565584351015, 2
172, 0.20609545669336266, 2
173, 0.14521169599491923, 2
174, 0.013229895565335109, 2
175, 0.013046453849931802, 2
176, 0.1672534872222733, 2
177, 0.1796085435390836, 2
178, 0.05129614709192804, 2
179, 0.11483418300478462, 2
180, 0.34710579183814233, 2
181, 0.172306268839978, 2
182, 0.10202872313431186, 2
183, 0.5544434868334642, 2
184, 0.16428862606481764, 2
185, 0.18635703560144798, 2
186, 0.07504298164354338, 2
187, 0.07041278575161393, 2
188, 0.1003897159282285, 2
189, 0.11888647484294643, 2
190, 0.13578148858300854, 2
191, 0.15848081205572892, 2
192, 0.07008093658631862, 2
193, 0.16569859206967213, 2
194, 0.09105524527787205, 2
195, 0.0938607474557911, 2
196, 0.14205211284467964, 2
197, 0.06771610266066018, 2
198, 0.20587751190245573, 2
199, 0.12182466849873623, 2
200, 0.14019971915837515, 2
201, 0.21000130050829663, 2
202, 0.1702423693920892, 2
203, 0.25270327636040896, 2
204, 0.11696109454463573, 2
205, 0.2611636991388812, 2
206, 0.05041553704701657, 2
207, 0.23515769079857055, 2
208, 0.1835686536449551, 2
209, 0.0676576286825703, 2
210, 0.1731271693579821, 2
211, 0.10411871475428384, 2
212, 0.0676289612950927, 2
213, 0.1397727638102514, 2
214, 0.17398570360704207, 2
215, 0.05010049831016735, 2
216, 0.16556337721661857, 2
217, 0.0749649236720289, 2
218, 0.06336658609634281, 2
219, 0.13635257356801642, 2
220, 0.2273378125205199, 2
221, 0.08993574311269821, 2
222, 0.1957272653903414, 2
223, 0.057305467318587267, 2
224, 0.02922500487875159, 2
225, 0.15964712141611145, 2
226, 0.12213458371956809, 2
227, 1.0466970987628956, 2
228, 0.6158284842463415, 2
229, 0.6581933163249792, 2
230, 0.4608605957770405, 2
231, 0.62497228882945, 2
232, 0.5683526763438256, 2
233, 1.7250063360367687, 2
234, 0.4831086332811281, 2
235, 0.4388105952823248, 2
236, 3.5685883137161873, 2
237, 1.911163515645461, 2
238, 1.8723802102902336, 2
239, 1.964764819393765, 2
240, 1.9865777312146116, 2
241, 2.341140627526042, 2
242, 2.003272633117358, 2
243, 1.98348781856137, 2
244, 1.1402694704962177, 2
245, 1.247277602527032, 2
246, 1.0738030904561402, 2
247, 0.5261927599191975, 2
248, 0.710607843585135, 2
249, 0.7477405608126675, 2
250, 0.7565774576220798, 2
251, 0.7103827002982723, 2
252, 0.7051424621026028, 2
253, 0.7191608351850258, 2
254, 0.7284200056881467, 2
255, 0.713097356315062, 2
256, 0.7185115520451907, 2
257, 0.7503920220729943, 2
258, 0.6911505351793686, 2
259, 0.685424282120951, 2
260, 0.7422314616049666, 2
261, 0.6383620899197161, 2
262, 0.739186381025965, 2
263, 0.6973101136605935, 2
264, 0.690071309459824, 2
265, 0.7341749484178527, 2
266, 0.7439083845374088, 2
267, 0.7415359445806605, 2
268, 0.6943304021917809, 2
269, 0.6943429242960152, 2
270, 0.7476102744957261, 2
271, 0.7455863960616756, 2
272, 0.6974522831481507, 2
273, 0.7266447085433754, 2
274, 0.6946180259832228, 2
275, 0.7280725850640467, 2
276, 0.7258372165745838, 2
277, 0.6789754430510582, 2
278, 0.6756502930478603, 2
279, 0.7169149941409935, 2
280, 0.7118204685782222, 2
281, 3.4900651311574444, 2
282, 0.6671872578609573, 2
283, 2.3197236890384687, 2
284, 0.694958555468713, 2
285, 0.7193710963355433, 2
286, 1.8383391998809224, 2
287, 1.8886382120867613, 2
288, 1.8331094120098608, 2
289, 1.8657161449216697, 2
290, 0.6895520280823039, 2
291, 0.6420072653000395, 2
292, 0.7132462629054082, 2
293, 0.4694203220750793, 2
294, 0.4493371771303403, 2
295, 0.4539987358551349, 2
296, 0.4492981149909384, 2
297, 0.42035182187029185, 2
298, 0.6526066689379856, 2
299, 1.6099646261309482, 2
300, 0.6517493735295543, 2
301, 0.6642170132015742, 2
302, 0.6081651512480323, 2
303, 0.6321506278545405, 2
304, 1.7652592272631034, 2
305, 1.7966500876174756, 2
306, 1.7746378428968512, 2
307, 2.2959301400986565, 2
308, 2.3664890474699876, 2
309, 1.7745416041016215, 2
310, 2.319844051929994, 2
311, 2.273951229759251, 2
312, 1.691572620261203, 2
313, 2.199599715452929, 2
314, 2.214779481946029, 2
315, 2.132640705637255, 2
316, 2.1268458484403183, 2
317, 1.7100743079228744, 2
318, 2.099698714792983, 2
319, 2.0853654661752006, 2
320, 2.109399543373438, 2
321, 1.6803860095856622, 2
322, 1.9372214665054002, 2
323, 2.0225991190745956, 2
324, 2.0185928931599557, 2
325, 1.9941667235234124, 2
326, 1.9432390723224595, 2
327, 0.9633857975390179, 2
328, 0.9267548230468297, 2
329, 0.5213902600976879, 2
330, 0.3594792852858075, 2
331, 0.339771718571234, 2
332, 0.36018905870154594, 2
333, 0.5384354260647505, 2
334, 0.527942941131931, 2
335, 0.4809546949902332, 2
336, 0.44822680102352225, 2
337, 0.7712500266537614, 2
338, 0.49465580109801416, 2
339, 0.8288479887684993, 2
340, 0.7626101578988451, 2
341, 0.7548471663894403, 2
342, 0.7679178005704206, 2
343, 0.8029583923724606, 2
344, 0.7738625028108331, 2
345, 0.7890996444121425, 2
346, 0.8153207910925452, 2
347, 0.8020055164705645, 2
348, 0.5134564923504079, 2
349, 0.49365549794200875, 2
350, 0.5186476689474692, 2
351, 0.5025621489344088, 2
352, 0.4841491660736165, 2
353, 0.4866854915792919, 2
354, 0.47329397380688915, 2
355, 0.4895498409348259, 2
356, 0.4721668293672251, 2
357, 0.4778296301314346, 2
358, 0.45734021994328133, 2
359, 0.3829889092050684, 2
360, 0.48562829043908595, 2
361, 0.4536316687643866, 2
362, 0.4554788840955375, 2
363, 0.7974754796049965, 2
364, 0.7373065407149709, 2
365, 0.7402638214944789, 2
366, 0.7078488952169252, 2
367, 0.7464524364649261, 2
368, 0.7212803061215957, 2
369, 0.7333430404091867, 2
370, 0.7319261835467037, 2
371, 0.730039068258844, 2
372, 0.47161512963634417, 2
373, 0.4484340599421724, 2
374, 0.47437859362995544, 2
375, 0.7099081071269104, 2
376, 0.5024496448031425, 2
377, 0.3528494402130062, 2
378, 0.39373048715658115, 2
379, 0.34253849793963614, 2
380, 0.35449610345305377, 2
381, 0.46084697585326656, 2
382, 0.4447610588147546, 2
383, 0.4659930378451182, 2
384, 0.45255951798940086, 2
385, 0.4750750164216101, 2
386, 0.43326843604838944, 2
387, 0.4742458068393229, 2
388, 0.4882440406676304, 2
389, 0.44882105579868486, 2
390, 0.4772014814246917, 2
391, 0.33081195397600743, 2
392, 0.32251138099052606, 2
393, 0.07483790561577337, 2
394, 0.09701786639253082, 2
395, 0.33395754752465845, 2
396, 0.4227220249504844, 2
397, 0.45706674508581596, 2
398, 0.44524748623505694, 2
399, 0.45261785645089214, 2
400, 0.4650736907850517, 2
401, 0.4485393403288879, 2
402, 0.44208810150631805, 2
403, 0.43094080777429156, 2
404, 0.6515976555678242, 2
405, 0.659044751246134, 2
406, 0.6359455926462637, 2
407, 0.9945207272872176, 2
408, 0.6434271030402503, 2
409, 0.6427473082435406, 2
410, 0.6132418346978934, 2
411, 0.6307752243827762, 2
412, 0.6314647749177877, 2
413, 0.9595834206974804, 2
414, 0.6573865809948707, 2
415, 0.6165271321964864, 2
416, 0.6482764027562715, 2
417, 0.6114553924316173, 2
418, 0.6232695627749056, 2
419, 0.6159169859470633, 2
420, 0.5772031206159182, 2
421, 0.6085528694234903, 2
422, 0.5838108003619966, 2
423, 0.5817340478725744, 2
424, 0.6047641828577185, 2
425, 0.4083089159370804, 2
426, 0.33416918080582947, 2
427, 0.34010371294123604, 2
428, 0.3199317117642663, 2
429, 0.3069163951618204, 2
430, 0.3132251392172162, 2
431, 0.03375314591961351, 2
432, 0.04694582442378356, 2
433, 0.0767413908174441, 2
434, 0.10630339796571267, 2
435, 0.047080725095866124, 2
436, 0.03770841198477975, 2
437, 0.08766387181021157, 2
438, 0.048338027305197984, 2
439, 0.033542306384205786, 2
440, 0.10378386113813771, 2
441, 0.036983022111570375, 2
442, 0.013266444518387845, 2
443, 0.007992010650692334, 2
444, 0.026815507893042025, 2
445, 0.06862509369684003, 2
446, 0.04215703314167588, 2
447, 0.04472275529776111, 2
448, 0.1391710472154687, 2
449, 0.049856482340812205, 2
450, 0.03725544763215505, 2
451, 0.058701115820241144, 2
452, 0.10719933782877089, 2
453, 0.03549216572245218, 2
454, 0.0756652064459372, 2
455, 0.030518881577880415, 2
456, 0.10836295773000941, 2
457, 0.047476234303157595, 2
458, 0.08164388718279031, 2
459, 0.03386864989804025, 2
460, 0.03743623676865693, 2
461, 0.019707556370965162, 2
462, 0.08613637868860638, 2
463, 0.03081125045121571, 2
464, 0.11068960078449597, 2
465, 0.09803804327683367, 2
466, 0.030543184664005834, 2
467, 0.015219136119176621, 2
468, 0.05409088193177824, 2
469, 0.08897391973261169, 2
470, 0.09366360481983851, 2
471, 0.09016013095958067, 2
472, 0.08625800985972949, 2
473, 0.08209029754357776, 2
474, 0.11618653993175569, 2
475, 0.06669132329457066, 2
476, 0.00470775693783986, 2
477, 0.09157959725565838, 2
478, 0.09121548941589169, 2
479, 0.09977252869979047, 2
480, 0.014582349308014303, 2
481, 0.0069384232488333576, 2
482, 0.031939242544553936, 2
483, 0.031911548267164816, 2
484, 0.07504951364258133, 2
485, 0.08013161963654289, 2
486, 0.06409731181481022, 2
487, 0.2798795145434117, 2
488, 0.26720969518485654, 2
489, 0.2948303174763255, 2
490, 0.39099757432860044, 2
491, 0.27027207746787135, 2
492, 0.004460864762586968, 2
493, 0.29200618239481196, 2
494, 0.2786159780101425, 2
495, 0.2914015109361803, 2
496, 0.27260224011162204, 2
497, 0.2893694533985782, 2
498, 0.38880890574178917, 2
499, 0.27203605778537104, 2
500, 0.30089248731406737, 2
501, 0.2713330302374633, 2
502, 0.26517131057303067, 2
503, 0.3086368579934579, 2
504, 0.2937534192545025, 2
505, 0.27532051353583986, 2
506, 0.27663374485215064, 2
507, 0.26378019504742906, 2
508, 0.04622070433259964, 2
509, 0.05043210673058035, 2
510, 0.021448227624219406, 2
511, 0.0387522755420409, 2
512, 0.08461760392969885, 2
513, 0.004221386272015321, 2
514, 0.05621709007642727, 2
515, 0, 2
516, 0.025744168425566816, 2
517, 0.025604770300504575, 2
518, 0.07883437148674076, 2
519, 0.03200936882131995, 2
520, 0.02098987451185279, 2
521, 0.062021469480927974, 2
522, 0.05601080180988871, 2
523, 0.03613589325424179, 2
524, 0.05627321669707754, 2
525, 0.11444591953481276, 2
526, 0.008167268893111194, 2
527, 0.030129299107149076, 2
528, 0.016741863711703598, 2
529, 0.024025774308504007, 2
530, 0.030009321932777194, 2
531, 0.07538460464942048, 2
532, 0.04264286702664242, 2
533, 0.019903987209117728, 2
534, 0.03147045246091229, 2
535, 0.02416132156916871, 2
536, 0.007888417323329944, 2
537, 0.03481866811354222, 2
538, 0.023973269811044008, 2
539, 0.027650287345101256, 2
540, 0.044597900541587125, 2
541, 0.0646628733823657, 2
542, 0.012026485496081466, 2
543, 0.026711917081935117, 2
544, 0.03412540577828874, 2
545, 0.0013913044039342067, 2
546, 0.03387630508356665, 2
547, 0.06834351453451051, 2
548, 0.025157462662591768, 2
549, 0.09125500274614896, 2
550, 0.05429187555550193, 2
551, 0.03929796141864951, 2
552, 0.022517738952861563, 2
553, 0.049570498360803995, 2
554, 0.06610552445856875, 2
555, 0.040042680284143636, 2
556, 0.07006308467754166, 2
557, 0.05258677837050067, 2
558, 0, 2
559, 0.05313927781416033, 2
560, 0.046032834048739535, 2
561, 0.07243245848898633, 2
562, 0.02917341790963913, 2
563, 0.06470566817917298, 2
564, 0.021425645587232076, 2
565, 0.23637901353372295, 2
566, 0.2557500684616586, 2
567, 0.25622031908801207, 2
568, 0.24080566384695173, 2
569, 0.23430171121068558, 2
570, 0.0075089103699976165, 2
571, 0.2246208906820319, 2
572, 0.3207808008832684, 2
573, 0.3260086376681185, 2
574, 0.340920995860083, 2
575, 0.3297046934275376, 2
576, 0.30785233345407975, 2
577, 0.23126940953339176, 2
578, 1.0652880629864179, 2
579, 1.0423192532952155, 2
580, 1.0751661784436786, 2
581, 0.9441311080554827, 2
582, 0.9539234655740241, 2
583, 0.3178268580074095, 2
584, 0.24479514948964176, 2
585, 0.25084938980096866, 2
586, 0.23945442537313139, 2
587, 0.9186395038031354, 2
588, 0.9136331871657373, 2
589, 0.9223726459514319, 2
590, 1.072988174842087, 2
591, 1.0610975846851678, 2
592, 1.0718634861209797, 2
593, 1.0768196628429016, 2
594, 1.044859036604139, 2
595, 1.3180191435627377, 2
596, 1.0446225838923364, 2
597, 1.060196819076671, 2
598, 1.0679198855793488, 2
599, 1.0699598485619288, 2
600, 1.0664069477976676, 2
601, 1.0704625670984156, 2
602, 1.0560002549107126, 2
603, 1.0335200104452529, 2
604, 0.9107613341295905, 2
605, 0.8380099094451551, 2
606, 0.8177530958228312, 2
607, 0.9023452904713399, 2
608, 0.904059954427239, 2
609, 0.9062336918263156, 2
610, 0.8914441774771946, 2
611, 0.9105996576889621, 2
612, 1.4483330440438684, 2
613, 0.9047126962436535, 2
614, 0.8302772263723837, 2
615, 1.0957353495577302, 2
616, 0.8913937440159668, 2
617, 0.8904871357274128, 2
618, 0.8949545435108119, 2
619, 0.9050306941958065, 2
620, 0.9018751551534466, 2
621, 0.899317159290714, 2
622, 0.8914565885576339, 2
623, 1.0986881595395406, 2
624, 1.0941779791209516, 2
625, 1.0865115220004604, 2
626, 1.2275327891239909, 2
627, 2.014846795241542, 2
628, 2.7736533768778906, 2
629, 2.005800930366023, 2
630, 1.9842394042215667, 2
631, 1.977552574763159, 2
632, 2.632638814928325, 2
633, 5.4606734371514625, 2
634, 5.572919969737819, 3
635, 6.116050536396315, 3
636, 6.264363415962258, 3
637, 5.167355501515534, 2
638, 4.012105154884547, 2
639, 4.016499547680603, 2
640, 2.3415708487993143, 2
641, 2.3424603195595908, 2
642, 2.1122332507985906, 2
643, 1.6961562005877107, 2
644, 1.6811512654155072, 2
645, 1.2112007290977502, 2
646, 1.0245174993694734, 2
647, 1.0035486556711184, 2
648, 1.0210742938143758, 2
649, 1.214239194835334, 2
650, 1.208198205606439, 2
651, 1.8514496517031267, 2
652, 1.8407526140020662, 2
653, 2.2251310212792963, 2
654, 1.8593551282640164, 2
655, 2.2129252082430777, 2
656, 2.2240444810975197, 2
657, 2.222874328487118, 2
658, 2.2098401538119328, 2
659, 2.217904752545447, 2
660, 1.8254110343227385, 2
661, 1.5905970437057588, 2
662, 1.64305319391281, 2
663, 1.579366937179472, 2
664, 1.5843496098081398, 2
665, 1.5872498221120357, 2
666, 1.8242157010878288, 2
667, 1.859676254587768, 2
668, 2.1704460287930396, 2
669, 1.8191943921777483, 2
670, 1.4620378245919425, 2
671, 1.7983203036519706, 2
672, 1.8016749367906786, 2
673, 1.5640637651315459, 2
674, 1.7916131544559153, 2
675, 1.5636652311929633, 2
676, 1.5447509951719105, 2
677, 1.7753104559923738, 2
678, 1.7936812747759394, 2
679, 2.079509030020856, 2
680, 1.7756147112695582, 2
681, 1.766370238049404, 2
682, 1.769240353556169, 2
683, 1.7757072222023373, 2
684, 1.7869307606084095, 2
685, 1.77065602610053, 2
686, 1.555263037422522, 2
687, 1.2059171390848833, 2
688, 1.201598611340832, 2
689, 1.15705052974917, 2
690, 1.1561849972776572, 2
691, 1.1518850669374958, 2
692, 1.1532519794787393, 2
693, 1.153815381750598, 2
694, 1.1498078652586594, 2
695, 1.1499272567642858, 2
696, 1.1855497259637084, 2
697, 1.172940593969655, 2
698, 1.3838546125220013, 2
699, 1.1734462762425166, 2
700, 1.1763043645024682, 2
701, 1.1861643058473768, 2
702, 1.1749032205317855, 2
703, 1.3743667774343398, 2
704, 1.366371121204953, 2
705, 1.3727836501527204, 2
706, 1.3727260543406443, 2
707, 1.369284803383252, 2
708, 0.9900661641766328, 2
709, 1.1367463268227496, 2
710, 1.6752011278922692, 2
711, 1.6805674889566014, 2
712, 1.6764068130139305, 2
713, 1.6772218763987348, 2
714, 1.675292340874177, 2
715, 1.4867300372075216, 2
716, 1.4845623861522084, 2
717, 1.4670482484329543, 2
718, 0.8684913149921945, 2
719, 0.5509898847516358, 2
720, 0.8509994329627315, 2
721, 0.874174220863801, 2
722, 0.5579732847376635, 2
723, 0.5482273940759925, 2
724, 0.535910326097818, 2
725, 0.5376710129026295, 2
726, 0.5386632114946408, 2
727, 0.5359000787161566, 2
728, 0.5427728673660753, 2
729, 0.3519220633164526, 2
730, 0.9358679490154305, 2
731, 0.9350594687118506, 2
732, 0.9371550723617965, 2
733, 0.9421925531714462, 2
734, 1.2786178749606698, 2
735, 1.485996446362316, 2
736, 1.479548075451087, 2
737, 1.273297572071709, 2
738, 1.7610420783856828, 2
739, 1.5732252535598994, 2
740, 1.271979750133451, 2
741, 1.069419739783284, 2
742, 1.2515591195979388, 2
743, 1.2599686865869824, 2
744, 0.974147197508152, 2
745, 0.9731613840916254, 2
746, 1.0698701672608697, 2
747, 1.1507053476834517, 2
748, 1.4905785612883067, 2
749, 1.4611732518163363, 2
750, 1.2296882958957491, 2
751, 1.064847522423768, 2
752, 1.2418464511672478, 2
753, 1.2329840454050318, 2
754, 1.494300775749216, 2
755, 1.49142364575752, 2
756, 1.494126833289082, 2
757, 1.234831210520111, 2
758, 1.39234501024455, 2
759, 1.3972277687512604, 2
760, 1.7421121957803938, 2
761, 1.7325212968258557, 2
762, 1.3842743295044386, 2
763, 1.3894353773676384, 2
764, 1.6275311558874521, 2
765, 1.6318485263355702, 2
766, 1.3819780634428676, 2
767, 1.4567890389961273, 2
768, 1.3135991666743425, 2
769, 2.2145310402479836, 2
770, 2.216089981093762, 2
771, 2.2128650224061075, 2
772, 2.2158534954147333, 2
773, 5.673178321585244, 3
774, 5.705075856623599, 3
775, 5.180682602611485, 3
776, 5.488525633165405, 3
777, 5.172643570798272, 3
778, 5.137932309700599, 3
779, 5.3529406358120255, 3
780, 5.380311071399815, 3
781, 5.232600962191069, 3
782, 5.348417871346917, 3
783, 5.156932351177607, 3
784, 5.069704250883155, 3
785, 5.240019064058475, 3
786, 5.4011772135589595, 3
787, 2.4281931677205186, 2
788, 2.2403902555623487, 2
789, 1.3291267915319243, 2
790, 1.3169121525592653, 2
791, 1.2100381985708315, 2
792, 1.1860847010563398, 2
793, 1.1822809568246908, 2
794, 1.91634685250731, 2
795, 1.3389677128386763, 2
796, 3.09677816746777, 3
797, 3.7401553516293973, 3
798, 3.6956676065229477, 3
799, 3.753799868335241, 3
800, 3.674147309966977, 3
801, 3.7651216125676976, 3
802, 3.68958214483726, 3
803, 3.894076859462257, 3
804, 3.868699205928249, 3
805, 3.8360716369196712, 3
806, 3.9862013588600327, 3
807, 3.80689424296156, 3
808, 1.4037983390463187, 2
809, 1.3868774761308174, 2
810, 1.3901348614317963, 2
811, 1.4099665533150776, 2
812, 1.334474802395364, 2
813, 1.5461566802784237, 2
814, 1.5575685178807852, 2
815, 2.154044157758837, 2
816, 2.173890063950637, 2
817, 2.153593540504186, 2
818, 1.5224364213166153, 2
819, 1.7818208074155848, 2
820, 1.53072849347255, 2
821, 1.5257109465151415, 2
822, 1.50861915867587, 2
823, 1.3587348237897754, 2
824, 1.364322879937572, 2
825, 1.231162996268516, 2
826, 1.7738415772250946, 2
827, 1.2400352491775994, 2
828, 1.1245390145905074, 2
829, 1.1114592794459823, 2
830, 1.2376155621819782, 2
831, 1.6646230799506516, 2
832, 1.1515830389051986, 2
833, 1.1388047937160046, 2
834, 1.091780417653933, 2
835, 1.3183045771043522, 2
836, 1.0932371520708075, 2
837, 1.075822246680698, 2
838, 0.9450443856072381, 2
839, 1.0950029092526863, 2
840, 1.0677873183083066, 2
841, 1.0908395265198814, 2
842, 1.0741793581410757, 2
843, 0.9494186181777038, 2
844, 0.9718706071566177, 2
845, 0.963641496225226, 2
846, 0.9516106391115491, 2
847, 0.9431907030682436, 2
848, 1.060674879816873, 2
849, 1.0675995060017365, 2
850, 0.9519168650814587, 2
851, 1.0640653431888305, 2
852, 1.0690927929124583, 2
853, 1.1251088913717273, 2
854, 1.2866407227077346, 2
855, 1.2919448246058443, 2
856, 1.1334801673827983, 2
857, 1.0701763199211118, 2
858, 1.0764596612124246, 2
859, 1.076368814302998, 2
860, 1.0736502013981055, 2
861, 1.0638972750029765, 2
862, 1.073272571014809, 2
863, 0.96152575815956, 2
864, 1.0783248872045343, 2
865, 1.1514528384213525, 2
866, 1.1767945804438427, 2
867, 1.0766323880814186, 2
868, 1.0663648140980895, 2
869, 1.0686830953662643, 2
870, 1.079363076559067, 2
871, 1.0668624100583577, 2
872, 1.0769862830698005, 2
873, 1.0644095338532593, 2
874, 1.0611137180418562, 2
875, 1.0772292668388073, 2
876, 1.1624433475683098, 2
877, 1.249174199190622, 2
878, 1.0621251728809689, 2
879, 1.1541713343799547, 2
880, 1.1524921722150268, 2
881, 1.135167184995712, 2
882, 1.1570001451471021, 2
883, 1.145738898215624, 2
884, 1.1461976646480994, 2
885, 1.0782520822376611, 2
886, 1.152782529786746, 2
887, 1.142162852095716, 2
888, 1.226366613092071, 2
889, 1.372492155748258, 2
890, 1.358751904869618, 2
891, 1.2590270970516373, 2
892, 1.3527412543957824, 2
893, 1.2570744285438515, 2
894, 1.3617647287474324, 2
895, 1.3557614770877011, 2
896, 1.2558599503052308, 2
897, 1.2118331973612848, 2
898, 1.2207531763797201, 2
899, 1.221451789894118, 2
900, 1.2159219121287994, 2
901, 1.1381025483067457, 2
902, 1.209195959157932, 2
903, 1.2222557483324235, 2
904, 1.2099327204562556, 2
905, 1.217094055254371, 2
906, 1.1186633282202159, 2
907, 1.112144972732559, 2
908, 1.1050791187048006, 2
909, 1.1035702092833892, 2
910, 1.199956215829192, 2
911, 1.194425314976448, 2
912, 1.1953539109406435, 2
913, 1.2067760359186468, 2
914, 1.2116159953792973, 2
915, 1.2018551410277922, 2
916, 1.1199251330377347, 2
917, 1.1981908540487103, 2
918, 1.3248520222269444, 2
919, 1.2218355944053465, 2
920, 1.2392151808837224, 2
921, 1.359806187425702, 2
922, 1.3647976942541267, 2
923, 1.237042054848737, 2
924, 1.2310017470424743, 2
925, 1.3629725669343569, 2
926, 1.3512606606637192, 2
927, 1.3686861915259914, 2
928, 1.3581788030748836, 2
929, 1.4880946627690605, 2
930, 1.3616853267144224, 2
931, 1.22282724777407, 2
932, 1.23726896156589, 2
933, 1.233990259623657, 2
934, 1.2298233148697073, 2
935, 1.2287358003301563, 2
936, 1.2293663078443084, 2
937, 1.2251504342326056, 2
938, 1.2255192054246749, 2
939, 1.312083112690319, 2
940, 1.306282524774328, 2
941, 1.3497330687708857, 2
942, 1.2112098799448385, 2
943, 1.3520520998883538, 2
944, 1.3543084405503352, 2
945, 1.340997584040533, 2
946, 1.3345510741307205, 2
947, 1.228449810572493, 2
948, 1.0999457383354212, 2
949, 1.2111480760079678, 2
950, 1.3333010056274743, 2
951, 1.4639711676827554, 2
952, 1.3127555874038745, 2
953, 1.306658392293474, 2
954, 1.3112919548983601, 2
955, 1.108058408636524, 2
956, 1.1135004100173433, 2
957, 1.1821411372572561, 2
958, 1.3018491202713471, 2
959, 1.5776086684102968, 2
960, 1.5812519749263887, 2
961, 1.578515626121508, 2
962, 1.576825468389089, 2
963, 1.3040762761337177, 2
964, 1.2937003567013146, 2
965, 1.3047516410267535, 2
966, 1.306845204905899, 2
967, 1.2922304099715456, 2
968, 1.3017654187646137, 2
969, 1.2967631365541066, 2
970, 1.1815534816547346, 2
971, 1.1785572321353492, 2
972, 1.1695962923830623, 2
973, 1.436305533966636, 2
974, 1.4184599291647875, 2
975, 1.3472796201245507, 2
976, 1.0523195120508375, 2
977, 1.0625855088605525, 2
978, 1.0587088778081994, 2
979, 0.9948033222981291, 2
980, 1.001751512308131, 2
981, 0.9930564497775065, 2
982, 0.9992620574171296, 2
983, 0.9457855269112511, 2
984, 1.0036864752130388, 2
985, 0.9355918988605395, 2
986, 0.9915387546237096, 2
987, 0.9933459501280516, 2
988, 0.9887912933477206, 2
989, 1.1127892361779428, 2
990, 1.097330127199191, 2
991, 1.0930356058967163, 2
992, 1.0517828108829046, 2
993, 1.0527734819726577, 2
994, 1.0482455304839202, 2
995, 1.0507891592682963, 2
996, 1.098560571336718, 2
997, 1.1600698600634607, 2
998, 1.1622598919333997, 2
999, 1.1641785306279415, 2
1000, 1.1620590037057397, 2
1001, 1.0947443381619384, 2
1002, 1.0928900906445196, 2
1003, 1.1642497024709046, 2
1004, 1.0948209844202852, 2
1005, 1.164222607207033, 2
1006, 1.1647794463970755, 2
1007, 1.1638634573229536, 2
1008, 1.1715639070427935, 2
1009, 1.168939669411468, 2
1010, 1.1729828337960886, 2
1011, 1.1637038539463516, 2
1012, 1.0798368640803013, 2
1013, 1.1591166195669775, 2
1014, 1.1592053311291342, 2
1015, 1.1579349252563171, 2
1016, 1.0908841418413775, 2
1017, 1.09367300519012, 2
1018, 1.0865258707823544, 2
1019, 1.0849175901141743, 2
1020, 1.0826891407313, 2
1021, 1.0851956845148643, 2
1022, 1.0950253495107238, 2
1023, 1.191575447246949, 2
1024, 1.0887070289905205, 2
1025, 1.0845130839773012, 2
1026, 1.077088209352286, 2
1027, 1.0578650282278375, 2
1028, 1.04290319502165, 2
1029, 1.046700858709028, 2
1030, 1.049621085929595, 2
1031, 1.0904118130624367, 2
1032, 1.0793454648142546, 2
1033, 1.0801077923814852, 2
1034, 1.0837442391258068, 2
1035, 1.0844101421888692, 2
1036, 1.0777617791285041, 2
1037, 1.093953640450091, 2
1038, 1.091334136666727, 2
1039, 1.1482393547432448, 2
1040, 1.0449280704660948, 2
1041, 1.0436056517956018, 2
1042, 1.0490973496728722, 2
1043, 1.08933329567593, 2
1044, 1.0857342137356392, 2
1045, 1.0808013515361299, 2
1046, 1.0425435788487005, 2
1047, 1.043621314517566, 2
1048, 1.0516997235742538, 2
1049, 1.0865971338382243, 2
1050, 1.0777878180205511, 2
1051, 1.0838505912092793, 2
1052, 1.086478711804527, 2
1053, 1.2488617783773337, 2
1054, 1.0508421391799256, 2
1055, 1.0795146693477793, 2
1056, 1.0811427071869149, 2
1057, 1.0470405940708447, 2
1058, 1.0424117904175643, 2
1059, 1.050267856484034, 2
1060, 1.0428978761055463, 2
1061, 1.0481480079390348, 2
1062, 1.05149852163255, 2
1063, 1.0513765746974637, 2
1064, 1.0466719599660737, 2
1065, 0.38384853216617004, 2
1066, 0.3933305044543746, 2
1067, 0.3793920187274436, 2
1068, 0.39707606170552373, 2
1069, 0.38138554157818244, 2
1070, 0.39551570857200047, 2
1071, 0.39771828084783956, 2
1072, 0.39185222076274473, 2
1073, 0.3968811894932859, 2
1074, 0.390563597976495, 2
1075, 0.38574472920689157, 2
1076, 0.39693584069413, 2
1077, 0.42448083626059147, 2
1078, 0.3792462499030205, 2
1079, 0.3886492329310618, 2
1080, 0.39431089143212633, 2
1081, 0.3933550479373057, 2
1082, 0.3944767685200276, 2
1083, 0.4323748336560557, 2
1084, 0.43154774145402175, 2
1085, 0.418564125608255, 2
1086, 0.3770359537175848, 2
1087, 0.4209421869132861, 2
1088, 0.3923192839773033, 2
1089, 0.3923941052800563, 2
1090, 0.41722159372419376, 2
1091, 0.42970303408296534, 2
1092, 0.41381621145117564, 2
1093, 0.39581718232319374, 2
1094, 0.39251560089563087, 2
1095, 0.3867895669985439, 2
1096, 0.39369235292847754, 2
1097, 0.3825718979406238, 2
1098, 0.38054021092290274, 2
1099, 0.39485353874530577, 2
1100, 0.3906699741778671, 2
1101, 0.428012022802666, 2
1102, 0.4153509374799273, 2
1103, 0.42514806960046275, 2
1104, 0.420654591433187, 2
1105, 0.4191656337916457, 2
1106, 0.3794750318032305, 2
1107, 0.41588204770596565, 2
1108, 0.395805244536043, 2
1109, 0.3957537359098874, 2
1110, 0.3941195134174992, 2
1111, 0.9300699880427838, 2
1112, 0.9020650469997968, 2
1113, 0.9052048595957507, 2
1114, 0.945975448056224, 2
1115, 1.0117150615135986, 2
1116, 1.006933213922372, 2
1117, 1.0102808594576702, 2
1118, 0.9005116481488507, 2
1119, 0.9030185054813294, 2
1120, 0.9097495937243506, 2
1121, 0.9030335132959701, 2
1122, 0.9123508417041708, 2
1123, 1.1162972035899221, 2
1124, 0.41770426470875693, 2
1125, 0.41525123623901244, 2
1126, 0.4131548056113173, 2
1127, 0.4129737203718551, 2
1128, 0.375877936297341, 2
1129, 0.37743683748750123, 2
1130, 0.4060700532704802, 2
1131, 0.40510156304631195, 2
1132, 0.4028689115864243, 2
1133, 0.41570041462926016, 2
1134, 0.4133922159799707, 2
1135, 0.36924220503730437, 2
1136, 0.3723714682503029, 2
1137, 0.405389698280203, 2
1138, 0.41039074307751744, 2
1139, 0.4146588070283264, 2
1140, 0.40919671898744836, 2
1141, 0.4129836296456114, 2
1142, 0.4119092049406598, 2
1143, 0.4137076938702721, 2
1144, 0.5802774397843597, 2
1145, 0.41314751464023713, 2
1146, 0.3794183984705673, 2
1147, 0.3865239084054392, 2
1148, 0.377533699304779, 2
1149, 0.38360665810785094, 2
1150, 0.37336030410613064, 2
1151, 0.38174497184857165, 2
1152, 0.3850551392437855, 2
1153, 0.37421328157867667, 2
1154, 0.8793732223559036, 2
1155, 0.8812611234757238, 2
1156, 0.8787713336916823, 2
1157, 0.8783318177193097, 2
1158, 0.8725879997054075, 2
1159, 0.8746389698797468, 2
1160, 0.3674990196835583, 2
1161, 0.3773389477394157, 2
1162, 0.37655300077990955, 2
1163, 0.41042248835143297, 2
1164, 0.4076436897536498, 2
1165, 0.40596111365046156, 2
1166, 0.4004829599891264, 2
1167, 0.3783611694674136, 2
1168, 0.3746494056696688, 2
1169, 0.37768612822848946, 2
1170, 0.37463389492060256, 2
1171, 0.40170380648753856, 2
1172, 0.4051754720079071, 2
1173, 0.4061087776719162, 2
1174, 0.395094576117036, 2
1175, 0.40059903785682616, 2
1176, 0.3704307391788463, 2
1177, 0.3638322561548566, 2
1178, 0.37257097859083155, 2
1179, 0.3716642921538598, 2
1180, 0.37830845573029775, 2
1181, 0.37317090238194245, 2
1182, 0.36492082897425543, 2
1183, 0.3982267205775881, 2
1184, 0.40616430590458125, 2
1185, 0.37438271535653567, 2
1186, 0.36761581249728364, 2
1187, 0.4044106363307757, 2
1188, 0.36639043986312, 2
1189, 0.37754096287128747, 2
1190, 0.37376234634973976, 2
1191, 0.3771022760570118, 2
1192, 0.3715840591214385, 2
1193, 0.3729683903470757, 2
1194, 0.37577416886321824, 2
1195, 0.36716029886474705, 2
1196, 0.3963695646479881, 2
1197, 0.37535848809260347, 2
1198, 0.3750264825366513, 2
1199, 0.37714335668999915, 2
1200, 0.8462185205878725, 2
1201, 0.8469377889109837, 2
1202, 0.8439353012368485, 2
1203, 0.8494410832288276, 2
1204, 0.8430340792339925, 2
1205, 0.8577899036896468, 2
1206, 0.8795760644984011, 2
1207, 0.8516594919876829, 2
1208, 0.8463133927095084, 2
1209, 0.849195132392502, 2
1210, 0.8428727955019043, 2
1211, 0.8563225421810797, 2
1212, 0.8422072449223276, 2
1213, 0.845580340896401, 2
1214, 0.8465185273381385, 2
1215, 0.8585281501672057, 2
1216, 0.8526908238758524, 2
1217, 0.9450773320029708, 2
1218, 0.9817136372420602, 2
1219, 0.9796699251476986, 2
1220, 0.9884025056943407, 2
1221, 0.9865299148316256, 2
1222, 0.948424437483739, 2
1223, 1.0871821640797383, 2
1224, 1.089690659347541, 2
1225, 1.0855242969715633, 2
1226, 1.1247272591241424, 2
1227, 1.0877151158138232, 2
1228, 0.9876294658296969, 2
1229, 0.9842328457551326, 2
1230, 1.02899204272902, 2
1231, 1.020711748670355, 2
1232, 1.0214473009920786, 2
1233, 0.980504591854936, 2
1234, 1.0187598781254141, 2
1235, 1.0216243830190868, 2
1236, 0.9521942720366854, 2
1237, 0.9567354458638221, 2
1238, 0.8539773101500474, 2
1239, 0.9824318633743387, 2
1240, 0.9775604396414684, 2
1241, 1.0757197956642555, 2
1242, 1.122033882827258, 2
1243, 0.9443528696018724, 2
1244, 0.9454984324625855, 2
1245, 0.9825726286555637, 2
1246, 1.0136220955785857, 2
1247, 1.01509283631905, 2
1248, 0.9778528210897869, 2
1249, 0.9565210769508091, 2
1250, 0.8453902250359088, 2
1251, 0.8493798400782916, 2
1252, 0.36846782404676626, 2
1253, 0.35601343199803, 2
1254, 0.39226316969064634, 2
1255, 0.3816968273230037, 2
1256, 0.3833146349300211, 2
1257, 0.38779633140133274, 2
1258, 0.38152516013182014, 2
1259, 0.390758910049635, 2
1260, 0.9884131354737714, 2
1261, 0.8159564756310542, 2
1262, 0.9607900332782748, 2
1263, 0.9653833097838894, 2
1264, 0.8217318298825984, 2
1265, 0.8013659509650308, 2
1266, 0.7980891379694307, 2
1267, 0.7983496300990598, 2
1268, 0.9262555297762862, 2
1269, 0.7924865162559834, 2
1270, 0.8017356701303406, 2
1271, 0.7952520753431875, 2
1272, 0.8920993430580058, 2
1273, 0.8926606311471453, 2
1274, 0.892929395428251, 2
1275, 0.8974069083591837, 2
1276, 0.9199398411427107, 2
1277, 0.9203944159197537, 2
1278, 0.9255008715414333, 2
1279, 0.921420300252998, 2
1280, 0.9209951528144517, 2
1281, 0.8915633778915122, 2
1282, 0.9587728885359929, 2
1283, 0.9251274987975535, 2
1284, 0.9198262442859247, 2
1285, 0.9207994754992853, 2
1286, 0.9257835832908377, 2
1287, 0.9220176832168436, 2
1288, 0.9176880113289269, 2
1289, 0.9594866559852749, 2
1290, 0.9646071896125196, 2
1291, 0.9574217902181097, 2
1292, 0.9228365300506033, 2
1293, 0.923706658349479, 2
1294, 1.0207698715772242, 2
1295, 0.917503846435629, 2
1296, 0.9174896170525532, 2
1297, 0.9178690923866138, 2
1298, 0.8890862387329952, 2
1299, 0.9191925035142344, 2
1300, 0.8985866755004116, 2
1301, 0.9008662683127958, 2
1302, 0.8956231919764012, 2
1303, 0.7998590929429573, 2
1304, 0.8015183351707738, 2
1305, 0.8195823792974813, 2
1306, 0.95818139833089, 2
1307, 0.9549696195348994, 2
1308, 1.0167228623723579, 2
1309, 1.0203299540848916, 2
1310, 1.0128415381731317, 2
1311, 1.0154894999582633, 2
1312, 1.094385742936847, 2
1313, 1.8380798104014275, 3
1314, 1.6964055363253843, 3
1315, 1.8496346352939212, 3
1316, 1.7468887425626443, 3
1317, 1.8337776520872098, 3
1318, 1.673642719747191, 3
1319, 1.7115175560634508, 3
1320, 1.7847884351754686, 3
1321, 1.7786969432088304, 3
1322, 1.8495618377795815, 3
1323, 1.8618197391291529, 3
1324, 1.6929445509816181, 3
1325, 1.7946057075717226, 3
1326, 1.0938871538850075, 2
1327, 1.0958956390727022, 2
1328, 1.0177937566632567, 2
1329, 1.0209618143580947, 2
1330, 1.0880328699706363, 2
1331, 1.0929750400117058, 2
1332, 1.1442807394284058, 2
1333, 1.0921548859315033, 2
1334, 1.0954027111549314, 2
1335, 1.0939583320061697, 2
1336, 1.0888255979677433, 2
1337, 1.0888234828694956, 2
1338, 2.9599656841190183, 3
1339, 2.958478093577799, 3
1340, 3.01289566414384, 3
1341, 2.977829632028206, 3
1342, 3.0280509204848505, 3
1343, 2.9874208104536564, 3
1344, 3.001419413450224, 3
1345, 3.0691175512, 3
1346, 2.987384329729707, 3
1347, 3.0596611316144053, 3
1348, 3.04612822467125, 3
1349, 3.0525116548166666, 3
1350, 2.989301672487866, 3
1351, 2.988614800176671, 3
1352, 3.0526130290871825, 3
1353, 2.9878978170692756, 3
1354, 3.0003841716580846, 3
1355, 2.9993931728812364, 3
1356, 2.9959752448089723, 3
1357, 2.982424913287311, 3
1358, 2.9975267536741708, 3
1359, 2.990826223605892, 3
1360, 4.678651804191171, 3
1361, 4.675527846534152, 3
1362, 4.633671142442057, 3
1363, 4.675854235102363, 3
1364, 5.342782805268242, 3
1365, 5.398673633025411, 3
1366, 5.399002240230387, 3
1367, 5.690653995167672, 3
1368, 5.704769676294209, 3
1369, 5.600299617583352, 3
1370, 5.531411064586254, 3
1371, 5.551156113514635, 3
1372, 5.567329109051057, 3
1373, 5.593166657987848, 3
1374, 5.580631228119584, 3
1375, 5.5887282433788945, 3
1376, 5.574715127548989, 3
1377, 5.530149046858473, 3
1378, 5.528215123762088, 3
1379, 5.535299267364039, 3
1380, 5.679205831102541, 3
1381, 5.4011820047875405, 3
1382, 5.534590654525942, 3
1383, 5.5166483027875675, 3
1384, 5.578441306968296, 3
1385, 5.58645620235014, 3
1386, 5.582650868198094, 3
1387, 5.590515092209624, 3
1388, 5.676691327621904, 3
1389, 5.684418275545734, 3
1390, 5.662784560092766, 3
1391, 5.795895890705587, 3
1392, 5.723746799959921, 3
1393, 5.613575484878276, 3
1394, 5.624419869685878, 3
1395, 5.617732131280603, 3
1396, 5.862281037473793, 3
1397, 5.834654250955718, 3
1398, 5.838067247326206, 3
1399, 5.852094823595793, 3
1400, 5.837468815025411, 3
1401, 5.616137465150387, 3
1402, 5.6268518412710735, 3
1403, 5.616375325794856, 3
1404, 5.627395109302928, 3
1405, 5.626518101757317, 3
1406, 5.612542994347584, 3
1407, 5.62167452442909, 3
1408, 5.7131798989551825, 3
1409, 5.578395066059533, 3
1410, 5.57228922352177, 3
1411, 5.6104932689827836, 3
1412, 5.487440481208281, 3
1413, 6.490953721737487, 3
1414, 6.44108398875184, 3
1415, 6.4466996697683525, 3
1416, 6.450281115796919, 3
1417, 6.563732045439727, 3
1418, 6.6194263813318015, 3
1419, 6.438712186060124, 3
1420, 6.6275545601400045, 3
1421, 6.6150946753604005, 3
1422, 6.624582693809727, 3
1423, 6.55265040930825, 3
1424, 6.7631635564259565, 3
1425, 6.760339671813875, 3
1426, 6.759669637258441, 3
1427, 6.772381081049772, 3
1428, 6.90855057418327, 3
1429, 6.918614233040601, 3
1430, 6.996670787991518, 3
1431, 6.929903944177189, 3
1432, 6.939281499147858, 3
1433, 5.858032248917019, 3
1434, 5.927977044999659, 3
1435, 5.937788919091065, 3
1436, 9.914791467440942, 4
1437, 10.056383172381866, 4
1438, 9.932303207068816, 4
1439, 10.05782930151133, 4
1440, 9.897251452224028, 4
1441, 10.05439217213683, 4
1442, 9.967261724867166, 4
1443, 9.992989578824703, 4
1444, 10.004167341105317, 4
1445, 9.988707318070677, 4
1446, 9.965115261577289, 4
1447, 9.899452030425163, 4
1448, 9.995477772846192, 4
1449, 9.982821357388952, 4
1450, 9.904227850857238, 4
1451, 13.970998063516836, 4
1452, 13.897278417047943, 4
1453, 13.884314348353218, 4
1454, 13.910802392378196, 4
1455, 13.91514973161058, 4
1456, 13.897835721450718, 4
1457, 14.830554125273864, 4
1458, 15.090783529667764, 4
1459, 14.878688973079186, 4
1460, 14.906884966896063, 4
1461, 15.223577943030026, 4
1462, 15.238475682038503, 4
1463, 15.143993765066735, 4
1464, 15.102015221431525, 4
1465, 15.074189965921395, 4
1466, 15.133234687210491, 4
1467, 14.836749600520697, 4
1468, 13.857332179932916, 4
1469, 13.830904793834286, 4
1470, 13.857763566240466, 4
1471, 13.836466854456077, 4
1472, 14.811854880929685, 4
1473, 14.761927534640881, 4
1474, 14.753285326197853, 4
1475, 14.742269013934717, 4
1476, 14.828043295338745, 4
1477, 14.753370711036542, 4
1478, 14.742319474527058, 4
1479, 14.768471547009895, 4
1480, 16.18791084430189, 4
1481, 16.23437132222221, 4
1482, 16.480313710892062, 4
1483, 16.480970630326823, 4
1484, 16.436138484739978, 4
1485, 16.647718035300986, 4
1486, 16.672407386639573, 4
1487, 16.325241813343574, 4
1488, 16.34232518660456, 4
1489, 16.642397387959914, 4
1490, 16.652294513656155, 4
1491, 16.459464628193967, 4
1492, 16.467488727471867, 4
1493, 17.85535051667169, 4
1494, 17.846178136211787, 4
1495, 17.828720161008974, 4
1496, 17.801535198708688, 4
1497, 17.783756905025687, 4
1498, 17.7972997699708, 4
1499, 17.974091503518316, 4
1500, 18.56251383026591, 4
1501, 18.566604151438437, 4
1502, 18.20082532847695, 4
1503, 18.189802572858675, 4
1504, 18.562175855389338, 4
1505, 18.3221741039321, 4
1506, 18.30282528477177, 4
1507, 18.30278844597946, 4
1508, 18.318612520389593, 4
1509, 18.651937771489195, 4
1510, 18.68289725031211, 4
1511, 18.731820340979205, 4
1512, 18.70129733612755, 4
1513, 18.331108151497855, 4
1514, 18.341753822963817, 4
1515, 16.846390949645073, 4
1516, 16.239161916390568, 4
1517, 16.20957505402696, 4
1518, 16.156733720810934, 4
1519, 16.157900498402622, 4
1520, 16.23135340920307, 4
1521, 16.161958427761967, 4
1522, 16.196405594557984, 4
1523, 16.139256407938465, 4
1524, 16.14657888302875, 4
1525, 16.181416061849372, 4
1526, 16.454068900715182, 4
1527, 16.47896643464438, 4
1528, 16.463228130963582, 4
1529, 16.743950782282848, 4
1530, 16.774327591699745, 4
1531, 16.74391502462555, 4
1532, 16.74675405818078, 4
1533, 16.7560503950025, 4
1534, 16.4288126839006, 4
1535, 16.460888965923434, 4
1536, 16.761558632629086, 4
1537, 16.45601179758458, 4
1538, 16.44791669039132, 4
1539, 16.292629468327316, 4
1540, 16.257627233761355, 4
1541, 16.248140208439008, 4
1542, 16.643900067570957, 4
1543, 16.440150193057622, 4
1544, 16.388106339410523, 4
1545, 16.410566113756605, 4
1546, 16.92084989931503, 4
1547, 16.75746613800068, 4
1548, 16.74406352640734, 4
1549, 16.769315477123335, 4
1550, 16.78902771630996, 4
1551, 16.75598861491671, 4
1552, 16.78058676605708, 4
1553, 16.773942046017837, 4
1554, 16.745988930825852, 4
1555, 16.75805008370014, 4
1556, 16.77505492201071, 4
1557, 16.555375264408635, 4
1558, 16.25568737439669, 4
1559, 16.513491841307964, 4
1560, 16.73416980884523, 4
1561, 16.501892544491767, 4
1562, 16.818402427931908, 4
1563, 16.688988381203572, 4
1564, 16.713896087631248, 4
1565, 16.720520835391074, 4
1566, 16.718808218566362, 4
1567, 16.71926944699309, 4
1568, 16.391735172940376, 4
1569, 16.36578859096524, 4
1570, 15.236466722507155, 4
1571, 14.936664883741, 4
1572, 14.886969441788967, 4
1573, 14.896280243523025, 4
1574, 14.906547391043716, 4
1575, 14.878131012003387, 4
1576, 14.908581915620372, 4
1577, 14.867319469001089, 4
1578, 14.99919500604003, 4
1579, 14.973567082995473, 4
1580, 16.3503823507055, 4
1581, 16.352545130387647, 4
1582, 16.377439586953614, 4
1583, 16.891207779785535, 4
1584, 16.635407166254254, 4
1585, 16.344148073336953, 4
1586, 16.627989065932844, 4
1587, 16.346788555498406, 4
1588, 16.325192133911802, 4
1589, 16.335846462433814, 4
1590, 16.061536905081507, 4
1591, 16.015727507439195, 4
1592, 17.628667511415458, 4
1593, 16.226683606419407, 4
1594, 16.241133773540117, 4
1595, 16.217868448912043, 4
1596, 16.174952598883248, 4
1597, 16.144419947652626, 4
1598, 16.17729785539004, 4
1599, 16.21621786945995, 4
1600, 16.49379096531922, 4
1601, 16.501343367715346, 4
1602, 16.466313949347054, 4
1603, 16.468378792963936, 4
1604, 16.182152519601587, 4
1605, 15.091413062385499, 4
1606, 17.384189286350875, 5
1607, 17.1984779462502, 5
1608, 16.86615219746198, 5
1609, 16.629006694308796, 5
1610, 16.454897584444115, 5
1611, 17.486067502267606, 5
1612, 16.346518267349857, 5
1613, 16.60548391742546, 5
1614, 16.56935099969206, 5
1615, 16.35341359892563, 5
1616, 16.34894471785917, 5
1617, 16.365166228718707, 5
1618, 15.595842628705977, 5
1619, 16.241170240133002, 5
1620, 16.342694221407722, 5
1621, 16.43419553096596, 5
1622, 16.290065538223555, 5
1623, 16.51949820850709, 5
1624, 21.998335389019633, 5
1625, 22.036897650425114, 5
1626, 22.02065172313397, 5
1627, 22.014295175138695, 5
1628, 21.830435320835996, 5
1629, 21.80791001968852, 5
1630, 21.82029976352391, 5
1631, 21.821619711448694, 5
1632, 21.812230653680942, 5
1633, 21.78085983801665, 5
1634, 21.016123515819224, 5
1635, 21.02588276477559, 5
1636, 20.994052749834303, 5
1637, 21.002628105263433, 5
1638, 21.002342438208775, 5
1639, 21.026229058970756, 5
1640, 21.004147317198914, 5
1641, 21.017609056230224, 5
1642, 21.00128022644076, 5
1643, 21.00152275440038, 5
1644, 22.83576527221178, 5
1645, 23.783856898072308, 5
1646, 23.752064466870415, 5
1647, 23.928353484009808, 5
1648, 23.9447933544221, 5
1649, 24.15620468623777, 5
1650, 23.93156510463788, 5
1651, 23.951951061955757, 5
1652, 23.71415059632291, 5
1653, 24.172812345429943, 5
1654, 23.924459162505627, 5
1655, 25.427645682997603, 5
1656, 25.43617357272153, 5
1657, 26.00612059521029, 5
1658, 26.10601770044266, 5
1659, 26.59464858986647, 5
1660, 26.626830682325465, 5
1661, 26.385111669205724, 5
1662, 26.09923011207189, 5
1663, 26.11247215660939, 5
1664, 26.124978935777396, 5
1665, 25.997331152454407, 5
1666, 26.567588692863257, 5
1667, 24.471706691727498, 5
1668, 24.458236176054527, 5
1669, 24.487049847123338, 5
1670, 24.55928265120931, 5
1671, 24.33699261400494, 5
1672, 24.301999014151843, 5
1673, 23.161049431120844, 5
1674, 23.38242663475958, 5
1675, 23.378299719628, 5
1676, 23.59386405184032, 5
1677, 23.284693077212623, 5
1678, 23.05775473080842, 5
1679, 23.091522320949863, 5
1680, 23.074978708080394, 5
1681, 23.066853938951148, 5
1682, 23.047197328356958, 5
1683, 23.05803619420796, 5
1684, 23.104216856178166, 5
1685, 23.274378109553933, 5
1686, 22.84379106339314, 5
1687, 22.62903565819185, 5
1688, 22.612793235149653, 5
1689, 22.601789486653548, 5
1690, 22.619096778456395, 5
1691, 22.45462586964988, 5
1692, 22.414978583866215, 5
1693, 22.61180796690884, 5
1694, 22.598512798794136, 5
1695, 22.802393469351465, 5
1696, 22.595809819617184, 5
1697, 22.580876772171173, 5
1698, 23.67786023045044, 5
1699, 23.46132309112091, 5
1700, 23.650322107836534, 5
1701, 23.61017833554272, 5
1702, 23.47421027633923, 5
1703, 23.59008567475162, 5
1704, 23.617359117922444, 5
1705, 23.98186667149834, 5
1706, 23.806962366999446, 5
1707, 24.023557067341226, 5
1708, 23.13486013937456, 5
1709, 23.116132805214875, 5
1710, 23.126022562048814, 5
1711, 23.123001341426203, 5
1712, 22.889952200877207, 5
1713, 23.10548314630199, 5
1714, 23.100088682091776, 5
1715, 23.30900526101333, 5
1716, 24.34281783790982, 5
1717, 24.359011358114838, 5
1718, 24.31345221110294, 5
1719, 24.32658653316095, 5
1720, 24.370330632796037, 5
1721, 24.83837377364213, 5
1722, 24.58264677958643, 5
1723, 24.584118351662603, 5
1724, 24.56293983237637, 5
1725, 24.552717282078913, 5
1726, 24.57993906331188, 5
1727, 24.347946399417506, 5
1728, 24.56355347521704, 5
1729, 24.31859270372259, 5
1730, 24.31227606499311, 5
1731, 24.32433871198086, 5
1732, 24.335866096513875, 5
1733, 24.313872762855606, 5
1734, 24.307028924063662, 5
1735, 24.328820556434408, 5
1736, 23.253680822794763, 5
1737, 23.256811041923616, 5
1738, 23.250649937050138, 5
1739, 23.23765112923417, 5
1740, 23.226701045405648, 5
1741, 29.1010509033962, 6
1742, 29.311530106792347, 6
1743, 29.30294059367401, 6
1744, 28.935421134387028, 6
1745, 29.0374310243919, 6
1746, 21.000308082926413, 5
1747, 19.972762987898346, 5
1748, 20.18204250103751, 5
1749, 20.172533342055804, 5
1750, 20.19404875250262, 5
1751, 20.133020598940075, 5
1752, 20.117656598220726, 5
1753, 20.386456235487856, 5
1754, 20.360325423517764, 5
1755, 20.360066856788247, 5
1756, 20.367124721487574, 5
1757, 20.366380463603427, 5
1758, 20.106300496587167, 5
1759, 20.91053414366123, 5
1760, 22.038789593647007, 5
1761, 22.03838608862963, 5
1762, 21.84422228144465, 5
1763, 21.827713630973697, 5
1764, 21.847668719824913, 5
1765, 23.586513885411488, 5
1766, 23.57380997821669, 5
1767, 23.191905467751585, 5
1768, 23.22091194781471, 5
1769, 22.487158877335734, 5
1770, 21.312551593348108, 5
1771, 22.175892770105275, 5
1772, 22.153570587804513, 5
1773, 22.416047245370326, 5
1774, 22.595960455493543, 5
1775, 22.59701772789105, 5
1776, 22.835013042514156, 5
1777, 26.406545057017993, 6
1778, 26.202607194775084, 6
1779, 26.11976396850504, 6
1780, 26.389721432626448, 6
1781, 26.362295277070956, 6
1782, 26.469784447462082, 6
1783, 27.44149030445877, 6
1784, 26.610351038313688, 6
1785, 25.81783267404294, 6
1786, 25.613800274531012, 6
1787, 25.89168385667796, 6
1788, 26.25627327099723, 6
1789, 26.36796407593188, 6
1790, 26.203579749218704, 6
1791, 26.229582918177645, 6
1792, 26.358469716006397, 6
1793, 26.66879375764617, 6
1794, 26.48321492056914, 6
1795, 24.977651345380707, 6
1796, 24.745220149840378, 6
1797, 24.74741309366409, 6
1798, 24.454412810836597, 6
1799, 25.18682548083376, 6
1800, 25.065173623538723, 6
1801, 24.98890999244931, 6
1802, 24.724014492440855, 6
1803, 25.105722428680856, 6
1804, 25.161893356105708, 6
1805, 25.433170359705645, 6
1806, 25.081424046814547, 6
1807, 24.920713205253627, 6
1808, 24.98742101885988, 6
1809, 24.847555762788765, 6
1810, 24.696257708373857, 6
1811, 24.682112189995372, 6
1812, 24.69446130881061, 6
1813, 24.787483542879457, 6
1814, 24.982862082877816, 6
1815, 25.058628504590363, 6
1816, 25.26521490027882, 6
1817, 25.28869499416102, 6
1818, 25.28141585435238, 6
1819, 25.32539335549505, 6
1820, 25.257434825872792, 6
1821, 25.036521965267404, 6
1822, 26.289697241631124, 6
1823, 26.304835748831803, 6
1824, 26.171206353838777, 6
1825, 26.274832550473036, 6
1826, 26.2067921429949, 6
1827, 26.306271522750286, 6
1828, 26.291607527486505, 6
1829, 27.17986669299481, 6
1830, 27.64266600807126, 6
1831, 27.638838206116596, 6
1832, 27.366205567327768, 6
1833, 27.617056733059307, 6
1834, 27.55242686300737, 6
1835, 27.921154304049125, 6
1836, 27.981501409428244, 6
1837, 27.97149664063549, 6
1838, 28.230694595997054, 6
1839, 26.94263391050977, 6
1840, 27.29793695060962, 6
1841, 27.005813800813712, 6
1842, 26.954168565427196, 6
1843, 21.944270296333915, 5
1844, 22.368927827521667, 5
1845, 22.359835849218886, 5
1846, 22.383341928076426, 5
1847, 22.092509811861582, 5
1848, 25.240862817137966, 6
1849, 25.217843653775965, 6
1850, 25.232163443744845, 6
1851, 24.92417093985157, 6
1852, 24.88959565543906, 6
1853, 24.897037521052326, 6
1854, 24.901830403745095, 6
1855, 24.63470744609822, 6
1856, 24.552382149531475, 6
1857, 25.130418159729466, 6
1858, 24.731846542970416, 6
1859, 24.852017588306936, 6
1860, 24.828909802955856, 6
1861, 24.730907229115815, 6
1862, 24.779199854773587, 6
1863, 24.79943225067894, 6
1864, 24.73302585396516, 6
1865, 24.79274015778715, 6
1866, 24.492045367471903, 6
1867, 24.74009928928877, 6
1868, 25.025543120568678, 6
1869, 24.72484034138177, 6
1870, 25.29065411812457, 6
1871, 24.85105290821032, 6
1872, 25.33663175278396, 6
1873, 24.52596845968351, 6
1874, 24.73516071786964, 6
1875, 24.97120313966598, 6
1876, 25.019545793668343, 6
1877, 24.921661574457502, 6
1878, 24.95973148243194, 6
1879, 24.97711783225403, 6
1880, 24.494242874716257, 6
1881, 24.397830405732186, 6
1882, 23.859723394797417, 6
1883, 23.315708950148604, 6
1884, 23.54431973296504, 6
1885, 24.070639899092832, 6
1886, 24.329886278495362, 6
1887, 24.12031496964731, 6
1888, 24.065452778534556, 6
1889, 23.805140306534057, 6
1890, 23.83858837957522, 6
1891, 23.770110778379568, 6
1892, 24.210139680907673, 6
1893, 23.687655101088456, 6
1894, 23.91996886923288, 6
1895, 23.91887878366363, 6
1896, 24.04655136107191, 6
1897, 23.841627234905047, 6
1898, 23.481347017813274, 6
1899, 23.628705616639362, 6
1900, 23.401766321150323, 6
1901, 23.2225951572524, 6
1902, 23.466044513997183, 6
1903, 23.68722614386433, 6
1904, 23.672893418707098, 6
1905, 23.840857697862123, 6
1906, 23.77333706239973, 6
1907, 23.838786894608464, 6
1908, 23.657343274129353, 6
1909, 23.61157300657964, 6
1910, 23.640991679491517, 6
1911, 23.608685148724714, 6
1912, 23.59853668289325, 6
1913, 23.615316995065637, 6
1914, 23.655112608976484, 6
1915, 23.678942582338408, 6
1916, 23.668518733666684, 6
1917, 23.518659081769503, 6
1918, 23.49052214737606, 6
1919, 23.5272132636545, 6
1920, 23.56191080040613, 6
1921, 23.57391184367887, 6
1922, 23.302630596389243, 6
1923, 23.406877116377235, 6
1924, 23.38185904960515, 6
1925, 23.42643356694722, 6
1926, 23.59600311902222, 6
1927, 24.005594344180654, 6
1928, 23.861992839017198, 6
1929, 23.591880960736237, 6
1930, 30.169566781785388, 6
1931, 30.17254746922449, 6
1932, 30.215607176390638, 6
1933, 30.27375742238625, 6
1934, 31.170397666006217, 6
1935, 31.36760102033881, 6
1936, 31.54498107779952, 6
1937, 31.361075726200017, 6
1938, 32.863738555351084, 6
1939, 33.435244995265926, 6
1940, 33.04776626978352, 6
1941, 33.06862745307639, 6
1942, 32.87872321173669, 6
1943, 32.97289749621677, 6
1944, 32.76175081914723, 6
1945, 32.48562967094655, 6
1946, 32.66479839950145, 6
1947, 32.87067460264171, 6
1948, 32.923063209478805, 6
1949, 33.11440966897302, 6
1950, 33.12880746763967, 6
1951, 33.195458187820776, 6
1952, 32.638881444148204, 6
1953, 32.63913907804735, 6
1954, 32.37004230190789, 6
1955, 32.18162250127887, 6
1956, 32.24649458806532, 6
1957, 32.47518234939733, 6
1958, 32.44976113551711, 6
1959, 32.39323638449114, 6
1960, 32.02386069108258, 6
1961, 32.22117148479438, 6
1962, 32.28498680210653, 6
1963, 32.216547880956696, 6
1964, 32.12687709204592, 6
1965, 32.12138322394084, 6
1966, 30.77585551801503, 6
1967, 30.769416148127405, 6
1968, 30.791813305375378, 6
1969, 30.659555534929453, 6
1970, 30.664563020266232, 6
1971, 30.695581472157542, 6
1972, 30.46992904553273, 6
1973, 30.4867091246815, 6
1974, 31.910710554097072, 6
1975, 31.951364059589366, 6
1976, 30.60381030302438, 6
1977, 30.58715510688524, 6
1978, 30.83872353795209, 6
1979, 30.802138309533245, 6
1980, 30.587318170588794, 6
1981, 31.0759580072642, 6
1982, 31.3296963533613, 6
1983, 31.190970970190378, 6
1984, 31.148254692247594, 6
1985, 31.435860955504957, 6
1986, 30.992811428807578, 6
1987, 30.723163276181555, 6
1988, 29.781882122960972, 6
1989, 30.069049454943205, 6
1990, 29.59413402004946, 6
1991, 29.59204159464798, 6
1992, 29.60072342308818, 6
1993, 29.56414181182493, 6
1994, 30.06623269473954, 6
1995, 29.860471186015943, 6
1996, 29.594712204701754, 6
1997, 30.018688269984175, 6
1998, 30.038920040071517, 6
1999, 29.78376267239538, 6
2000, 29.69202313958882, 6
2001, 29.679328819772707, 6
2002, 29.686840507074944, 6
2003, 29.711862589204507, 6
2004, 29.719151878747006, 6
2005, 29.66114760174028, 6
2006, 29.690603363862124, 6
2007, 29.668266286572766, 6
2008, 30.104441239870884, 6
2009, 30.029889068885915, 6
2010, 30.014655952198154, 6
2011, 30.034863172040126, 6
2012, 30.05097828912307, 6
2013, 30.025865537634264, 6
2014, 30.022146048453653, 6
2015, 30.019753830067977, 6
2016, 20.583533403487614, 6
2017, 17.096566019805945, 5
2018, 16.904652833609813, 5
2019, 16.88978164190864, 5
2020, 16.876387910905052, 5
2021, 17.105977771557892, 5
2022, 17.087916084045993, 5
2023, 17.28579910575498, 5
2024, 17.29769904753734, 5
2025, 17.493662845954443, 5
2026, 17.4906322431225, 5
2027, 17.488393119753688, 5
2028, 17.73164588817281, 5
2029, 17.728676563263225, 5
2030, 17.497136446718088, 5
2031, 17.28660306264391, 5
2032, 17.0758237623617, 5
2033, 17.066772648194146, 5
2034, 17.319780444837168, 5
2035, 17.47256639956796, 5
2036, 17.234798910540125, 5
2037, 17.244899346304596, 5
2038, 17.272061544297035, 5
2039, 17.22619561969413, 5
2040, 17.257589920956462, 5
2041, 17.23550445448085, 5
2042, 17.235779676230777, 5
2043, 17.005416609983946, 5
2044, 17.020447092754864, 5
2045, 17.000319325288334, 5
2046, 17.245542129144066, 5
2047, 17.22758978455317, 5
2048, 17.61965724009139, 5
2049, 16.977775598150775, 5
2050, 17.026317430060107, 5
2051, 17.15639387600387, 5
2052, 16.83582730359533, 5
2053, 16.66319306210545, 5
2054, 16.79938973806287, 5
2055, 16.825507157212417, 5
2056, 16.627791725194147, 5
2057, 16.79269535896175, 5
2058, 16.99604129416731, 5
2059, 16.975763679753467, 5
2060, 16.855638311502673, 5
2061, 16.88421898728742, 5
2062, 16.732715898022974, 5
2063, 17.054148727527682, 5
2064, 17.41034204101627, 5
2065, 17.46756854739391, 5
2066, 17.035483965293245, 5
2067, 16.975618225033635, 5
2068, 15.84550353985079, 5
2069, 15.84871577616671, 5
2070, 15.89105222063841, 5
2071, 16.012206599773478, 5
2072, 15.87916532344719, 5
2073, 15.694061926978254, 5
2074, 15.733225034606996, 5
2075, 15.705496388325676, 5
2076, 15.51549628887178, 5
2077, 15.529660009532066, 5
2078, 15.565582066428085, 5
2079, 15.418832157915826, 5
2080, 14.594626770687594, 5
2081, 15.339560312206984, 5
2082, 16.262217682293617, 5
2083, 16.24377388555649, 5
2084, 16.257803807734835, 5
2085, 16.24780472392624, 5
2086, 16.23514078169364, 5
2087, 16.068947574005975, 5
2088, 16.06597998565033, 5
2089, 15.13828753450085, 5
2090, 16.246441596489735, 5
2091, 15.359936945041225, 5
2092, 15.14248481673359, 5
2093, 14.56373983832253, 5
2094, 14.560626069640737, 5
2095, 14.562428296219272, 5
2096, 14.538703308757277, 5
2097, 14.557491533960105, 5
2098, 14.559015709833337, 5
2099, 14.543463191634766, 5
2100, 14.573365552529014, 5
2101, 14.54814433425066, 5
2102, 14.471164085379197, 5
2103, 14.6122534190996, 5
2104, 16.058927496903458, 5
2105, 14.978441686106166, 5
2106, 15.266495642374007, 5
2107, 15.457358253312671, 5
2108, 15.465332533503807, 5
2109, 15.256966877499128, 5
2110, 15.126254311247191, 5
2111, 15.09059907937107, 5
2112, 15.108379060509694, 5
2113, 14.802598778877075, 5
2114, 15.795745151971618, 5
2115, 15.956265872783835, 5
2116, 15.958250712892523, 5
2117, 15.957822543572362, 5
2118, 16.08288585982985, 5
2119, 15.936197786747709, 5
2120, 16.105542515544624, 5
2121, 16.08316760555556, 5
2122, 15.924710610833774, 5
2123, 15.759157057225915, 5
2124, 15.898607800390375, 5
2125, 15.757283904382954, 5
2126, 15.788831410619153, 5
2127, 15.903111819381914, 5
2128, 15.903336911025836, 5
2129, 16.053907088255944, 5
2130, 16.256681716829938, 5
2131, 16.255620331787874, 5
2132, 15.168298218295105, 5
2133, 15.04354416016596, 5
2134, 15.053282881709565, 5
2135, 15.20232517314189, 5
2136, 15.336017427525146, 5
2137, 15.34775076243094, 5
2138, 15.549151056536322, 5
2139, 15.38378340464564, 5
2140, 15.552078761363445, 5
2141, 15.328677521825487, 5
2142, 15.202722009797396, 5
2143, 15.208611302005874, 5
2144, 15.121029890954045, 5
2145, 14.995303118985609, 5
2146, 14.966683712637685, 5
2147, 15.57621672328685, 5
2148, 16.815068771659277, 5
2149, 16.829649604713076, 5
2150, 15.85462037944142, 5
2151, 15.858737517024675, 5
2152, 18.358437881246775, 6
2153, 18.426854086120464, 6
2154, 18.72087885819335, 6
2155, 18.73497002535209, 6
2156, 15.59229891531996, 5
2157, 14.951472507868393, 5
2158, 14.278823623545538, 5
2159, 14.268126751849076, 5
2160, 14.257896846791326, 5
2161, 14.247495951711375, 5
2162, 14.262281534823265, 5
2163, 14.274977119059976, 5
2164, 14.112769041778877, 5
2165, 14.072260928802674, 5
2166, 13.90628244607049, 5
2167, 14.235838956689014, 5
2168, 14.26850267415144, 5
2169, 14.059793484964827, 5
2170, 14.748775522109566, 5
2171, 14.724283915163292, 5
2172, 14.892151558210594, 5
2173, 14.898993456456989, 5
2174, 14.893299616143096, 5
2175, 17.21802651916544, 6
2176, 17.99998952582092, 6
2177, 18.12532165544519, 6
2178, 17.918695675550207, 6
2179, 17.96871244836359, 6
2180, 17.964258157829388, 6
2181, 17.72791095303606, 6
2182, 16.957893713457793, 6
2183, 16.906834201142072, 6
2184, 14.831549607491082, 5
2185, 14.795354769773937, 5
2186, 14.786802071773668, 5
2187, 14.75889728869778, 5
2188, 14.767817940772515, 5
2189, 14.611836181326536, 5
2190, 14.300740208884578, 5
2191, 14.30549612842991, 5
2192, 14.284581820391042, 5
2193, 14.310424409295756, 5
2194, 14.278157910327373, 5
2195, 14.254301747155816, 5
2196, 14.258711493166874, 5
2197, 14.432783078525839, 5
2198, 14.396427805421249, 5
2199, 14.258544321621017, 5
2200, 14.248670912533202, 5
2201, 14.266531657532633, 5
2202, 14.119690554252896, 5
2203, 14.134359996730444, 5
2204, 14.120787435273757, 5
2205, 13.475295068995017, 5
2206, 13.467576949852482, 5
2207, 13.483261652904938, 5
2208, 13.463417862484064, 5
2209, 13.47763834203701, 5
2210, 13.501517016713171, 5
2211, 13.469577984262944, 5
2212, 13.469355736157691, 5
2213, 13.455135019533905, 5
2214, 13.574121168204854, 5
2215, 13.460174184014502, 5
2216, 13.439459267527145, 5
2217, 13.579013688367292, 5
2218, 13.58374475969369, 5
2219, 14.183810236599108, 5
2220, 14.328203975431917, 5
2221, 16.366008688050133, 6
2222, 16.29531301061619, 6
2223, 16.341416777094942, 6
2224, 16.315875700146172, 6
2225, 16.362232245697395, 6
2226, 16.319829736141145, 6
2227, 16.3140560842105, 6
2228, 16.366885341324913, 6
2229, 16.12343095562456, 6
2230, 16.148404528883685, 6
2231, 16.186973325229037, 6
2232, 16.095394068904483, 6
2233, 16.150433989781654, 6
2234, 16.158308040408528, 6
2235, 16.118100030024614, 6
2236, 16.2080212323519, 6
2237, 21.406447363371374, 6
2238, 21.56403716697422, 6
2239, 21.581054479232613, 6
2240, 22.302904778047854, 6
2241, 22.272618047883345, 6
2242, 22.2850062674801, 6
2243, 22.29270393107358, 6
2244, 22.29580949251837, 6
2245, 23.088365987502627, 6
2246, 22.960187335248488, 6
2247, 23.114130242740288, 6
2248, 23.251239981350437, 6
2249, 23.294393402543246, 6
2250, 23.442786681606187, 6
2251, 23.295830616088413, 6
2252, 23.122034922753254, 6
2253, 23.07871000356168, 6
2254, 23.068146935067507, 6
2255, 23.00700701174103, 6
2256, 24.48024004144251, 6
2257, 24.117793667469037, 6
2258, 24.294710481004532, 6
2259, 23.16135305190126, 6
2260, 23.14692432533811, 6
2261, 23.29326080878885, 6
2262, 23.314912024337012, 6
2263, 23.353764727993138, 6
2264, 23.328589489360187, 6
2265, 23.3113216697016, 6
2266, 22.300892062374764, 6
2267, 22.305189408587857, 6
2268, 22.48837816698367, 6
2269, 22.311488979677346, 6
2270, 22.298961310604373, 6
2271, 22.32638814486611, 6
2272, 22.295785646582182, 6
2273, 22.49729799344858, 6
2274, 22.465440483295662, 6
2275, 22.59588609369537, 6
2276, 22.140636953136344, 6
2277, 23.25915079089812, 6
2278, 23.40519736513772, 6
2279, 23.40429645430009, 6
2280, 23.25877835893795, 6
2281, 23.270888424140917, 6
2282, 23.427073413772096, 6
2283, 23.447990149908055, 6
2284, 23.434521317798755, 6
2285, 24.03578103653565, 6
2286, 24.206390023980674, 6
2287, 24.06574432144984, 6
2288, 23.585315554278367, 6
2289, 23.79118475950946, 6
2290, 23.79455538795938, 6
2291, 23.78074310638046, 6
2292, 23.600699337422203, 6
2293, 23.572179996489815, 6
2294, 23.60560617044699, 6
2295, 23.57732731155596, 6
2296, 23.777721068019577, 6
2297, 24.005989903790322, 6
2298, 23.786789839913187, 6
2299, 23.76838833305678, 6
2300, 23.750147283641304, 6
2301, 23.794006260579195, 6
2302, 23.758711813059918, 6
2303, 23.498983711310398, 6
2304, 24.37081190123978, 6
2305, 24.43470236624777, 6
2306, 24.247222942078434, 6
2307, 24.242471981613466, 6
2308, 24.361979661231942, 6
2309, 24.484735082155016, 6
2310, 24.523847982701795, 6
2311, 24.577775891064555, 6
2312, 24.24373013689059, 6
2313, 24.377336409594704, 6
2314, 24.472982888301026, 6
2315, 24.122141981807527, 6
2316, 24.280158843548623, 6
2317, 24.302172375022558, 6
2318, 24.47824503943354, 6
2319, 24.475477132857485, 6
2320, 24.318091887314644, 6
2321, 24.139335007625128, 6
2322, 24.121029713161228, 6
2323, 24.370130684519445, 6
2324, 24.39357121296993, 6
2325, 24.683197548951842, 6
2326, 24.294941839280344, 6
2327, 24.49435050815274, 6
2328, 24.517619263586013, 6
2329, 24.494086166321825, 6
2330, 24.30280141720205, 6
2331, 23.240594170017957, 6
2332, 23.21908136037933, 6
2333, 23.173133176351822, 6
2334, 23.172683838499733, 6
2335, 23.210320605373724, 6
2336, 23.205820441614755, 6
2337, 23.501279034887528, 6
2338, 23.7536360980765, 6
2339, 23.749896533707883, 6
2340, 23.739612406259106, 6
2341, 23.539064924122812, 6
2342, 23.274537834491255, 6
2343, 23.58833043765075, 6
2344, 23.585399590794594, 6
2345, 23.427733915626572, 6
2346, 23.497952464978315, 6
2347, 23.51955483628203, 6
2348, 23.51760461647858, 6
2349, 23.522405618473837, 6
2350, 22.522172687874093, 6
2351, 22.43122761442724, 6
2352, 22.460957207933788, 6
2353, 22.264785483530407, 6
2354, 22.42718163438394, 6
2355, 22.454552858108737, 6
2356, 22.429935915628914, 6
2357, 22.53490916235824, 6
2358, 22.50012525503372, 6
2359, 22.85442165897841, 6
2360, 23.004610242763, 6
2361, 23.009572241321685, 6
2362, 25.017676667873012, 7
2363, 26.799811617025476, 7
2364, 27.759736891812118, 7
2365, 27.781450219334545, 7
2366, 27.351967594601515, 7
2367, 27.553834494160817, 7
2368, 27.775999672659673, 7
2369, 27.56039735510836, 7
2370, 27.716566367228584, 7
2371, 27.685573139099894, 7
2372, 27.805187051716036, 7
2373, 27.750856049966817, 7
2374, 27.603560270646565, 7
2375, 27.59801725548556, 7
2376, 27.41437544785223, 7
2377, 27.162962630253922, 7
2378, 27.17873660008799, 7
2379, 25.235646409717255, 6
2380, 25.512483722128604, 6
2381, 25.64400104487792, 6
2382, 25.366760318957812, 6
2383, 25.359115099069566, 6
2384, 25.0039350758257, 6
2385, 24.69980034128901, 6
2386, 25.00183926887892, 6
2387, 24.847014629211653, 6
2388, 25.008542208036403, 6
2389, 25.19374142156885, 6
2390, 25.814712867123735, 6
2391, 25.8090308214073, 6
2392, 25.535689525634655, 6
2393, 25.655329901844084, 6
2394, 25.79183755281286, 6
2395, 25.52308131022214, 6
2396, 25.523813827016724, 6
2397, 25.528576534218846, 6
2398, 25.517936872804448, 6
2399, 25.63695201586962, 6
2400, 25.939919145319717, 6
2401, 25.922643622642994, 6
2402, 25.728396185621552, 6
2403, 25.720996365985563, 6
2404, 25.91980881366606, 6
2405, 26.111864751572327, 6
2406, 26.107998751125503, 6
2407, 25.91204257071377, 6
2408, 26.11249873153222, 6
2409, 25.88808359422442, 6
2410, 25.980471709602565, 6
2411, 25.901644551087323, 6
2412, 25.712761368742047, 6
2413, 25.507565929624768, 6
2414, 27.66619802805935, 7
2415, 27.426143142407742, 7
2416, 27.46865714041182, 7
2417, 33.55204422059905, 7
2418, 33.53321754651759, 7
2419, 33.57179251864828, 7
2420, 33.509273823610734, 7
2421, 33.507094575193115, 7
2422, 33.58269921038787, 7
2423, 33.14630474516005, 7
2424, 24.5527900789577, 7
2425, 24.520024810669995, 7
2426, 24.60043355059676, 7
2427, 24.615494496876185, 7
2428, 24.543097144952306, 7
2429, 24.44380367599735, 7
2430, 24.24574826914683, 7
2431, 24.190312736378626, 7
2432, 23.93309706835485, 7
2433, 23.897685300704236, 7
2434, 22.074933775313486, 6
2435, 23.84041811934277, 7
2436, 23.80764231487144, 7
2437, 23.979462930360953, 7
2438, 23.970294134580765, 7
2439, 23.997503576616953, 7
2440, 23.993313522055644, 7
2441, 23.77202845904206, 7
2442, 21.946370766767952, 6
2443, 21.932457875502916, 6
2444, 21.781531183581503, 6
2445, 21.950203701809905, 6
2446, 21.95902227111568, 6
2447, 20.941793847393328, 6
2448, 21.086409959829435, 6
2449, 21.110222415583205, 6
2450, 21.092840670178003, 6
2451, 21.10633324617532, 6
2452, 21.112030654458554, 6
2453, 20.779349082122177, 6
2454, 20.613485846512205, 6
2455, 19.735540318707763, 6
2456, 19.606283111176946, 6
2457, 19.74525713385077, 6
2458, 19.91614606501887, 6
2459, 19.890309633769405, 6
2460, 19.902782768327032, 6
2461, 19.893526261130543, 6
2462, 20.200095984173917, 6
2463, 20.198042250941782, 6
2464, 20.195246199779845, 6
2465, 20.040989505459358, 6
2466, 20.18059946986017, 6
2467, 20.028760565922383, 6
2468, 20.03653943773077, 6
2469, 19.90667343856844, 6
2470, 19.85672547400811, 6
2471, 19.875462173944875, 6
2472, 19.909228893987535, 6
2473, 19.875031222833528, 6
2474, 19.90829000078328, 6
2475, 19.717430194347827, 6
2476, 19.746773262902522, 6
2477, 19.996624407503212, 6
2478, 21.603957052630403, 7
2479, 19.746707575512666, 6
2480, 19.88854956555319, 6
2481, 20.070324084051247, 6
2482, 19.99680378924139, 6
2483, 19.95901672861468, 6
2484, 19.970862670336402, 6
2485, 19.803836218873194, 6
2486, 19.786590180634313, 6
2487, 19.654881242357988, 6
2488, 19.97544252184451, 6
2489, 19.97765892124948, 6
2490, 19.930699878655744, 6
2491, 19.94472847906396, 6
2492, 20.142171594729685, 6
2493, 21.69292309858401, 7
2494, 21.737612873146553, 7
2495, 21.727461215134923, 7
2496, 21.670676622420185, 7
2497, 26.526134225740883, 7
2498, 26.502816286438435, 7
2499, 26.680337488697894, 7
2500, 26.663804186101775, 7
2501, 26.683072572799254, 7
2502, 26.815622673583817, 7
2503, 26.348076373984743, 7
2504, 26.327332830460996, 7
2505, 26.36085968879353, 7
2506, 26.326144014488886, 7
2507, 26.3302004165914, 7
2508, 26.204446378770776, 7
2509, 26.200478744187613, 7
2510, 26.079103474820748, 7
2511, 26.05293238146855, 7
2512, 25.95419853313088, 7
2513, 24.52395888964199, 7
2514, 24.497988072840908, 7
2515, 24.507393588166675, 7
2516, 25.1567367082823, 7
2517, 25.11109111570297, 7
2518, 25.136756157126023, 7
2519, 25.2475312729288, 7
2520, 25.11234882314298, 7
2521, 25.10755966501992, 7
2522, 25.130889718650256, 7
2523, 25.83306274112911, 7
2524, 25.836730888468324, 7
2525, 25.965190749052596, 7
2526, 25.254899389934145, 7
2527, 25.246414669728466, 7
2528, 25.92614495541928, 7
2529, 25.947136233022068, 7
2530, 26.886345319149896, 7
2531, 27.827326032198116, 7
2532, 27.782971907810104, 7
2533, 27.778763367949818, 7
2534, 27.799902840178433, 7
2535, 27.616767801737232, 7
2536, 27.591540164024966, 7
2537, 27.750608781178904, 7
2538, 26.831514774225052, 7
2539, 26.223117728646155, 7
2540, 26.13223948666507, 7
2541, 27.041159117733798, 7
2542, 27.055382271586613, 7
2543, 27.03691745780274, 7
2544, 26.98782593770637, 7
2545, 27.00848494851997, 7
2546, 27.02981582585435, 7
2547, 27.168744331331503, 7
2548, 27.28883722751373, 7
2549, 27.298500874322453, 7
2550, 27.27667258761743, 7
2551, 27.446648620033734, 7
2552, 27.63656052019928, 7
2553, 27.110667373281313, 7
2554, 27.841730719516264, 7
2555, 28.74494097363686, 7
2556, 28.40772638099948, 7
2557, 28.436584553210228, 7
2558, 28.22972644256667, 7
2559, 28.24766292199985, 7
2560, 28.067399903243434, 7
2561, 27.94064242821584, 7
2562, 27.954567710618985, 7
2563, 28.259775315853172, 7
2564, 28.39372733704322, 7
2565, 28.180327719729636, 7
2566, 27.32193909033434, 7
2567, 27.294776452636622, 7
2568, 27.202864678525113, 7
2569, 26.863729977899943, 7
2570, 27.17288335320026, 7
2571, 27.179159134843974, 7
2572, 26.930463121318777, 7
2573, 27.215273656843326, 7
2574, 27.056652379527296, 7
2575, 26.929939188020814, 7
2576, 26.798529931384483, 7
2577, 26.81143649087973, 7
2578, 27.94370029036007, 7
2579, 28.44667570513733, 7
2580, 28.60516101926195, 7
2581, 28.59501166249013, 7
2582, 28.937888073093255, 7
2583, 28.92154877540481, 7
2584, 28.766603152217485, 7
2585, 28.91313015542724, 7
2586, 28.839568706278687, 7
2587, 28.817921777372067, 7
2588, 28.599610375693096, 7
2589, 28.57814356995617, 7
2590, 28.7584810141076, 7
2591, 28.415033559680122, 7
2592, 28.565702159725202, 7
2593, 28.799872325163232, 7
2594, 28.805028924409736, 7
2595, 28.91534358330189, 7
2596, 29.262768136113362, 7
2597, 28.809541639824612, 7
2598, 28.892448447358575, 7
2599, 29.028149538503037, 7
2600, 28.887950028941034, 7
2601, 29.012197885943394, 7
2602, 28.866252431407695, 7
2603, 28.726881239230533, 7
2604, 28.585064932982245, 7
2605, 27.891490760982315, 7
2606, 27.87987495317218, 7
2607, 27.713283072012594, 7
2608, 27.908218765432576, 7
2609, 28.727082807210948, 7
2610, 28.029853617461754, 7
2611, 27.805560724301863, 7
2612, 27.96353149178123, 7
2613, 27.946808092143897, 7
2614, 27.304919311705625, 7
2615, 27.304934148217555, 7
2616, 27.333478796032352, 7
2617, 27.10804878078704, 7
2618, 27.049649664746216, 7
2619, 27.10626712755167, 7
2620, 27.922742291523168, 7
2621, 28.922566196569267, 7
2622, 28.922908531559248, 7
2623, 28.913207289938146, 7
2624, 29.049284421497873, 7
2625, 28.894586455971673, 7
2626, 29.429303307854582, 7
2627, 29.258401767255208, 7
2628, 29.264391786871055, 7
2629, 28.917394276319225, 7
2630, 28.204950615474573, 7
2631, 28.034952860254382, 7
2632, 26.910128701054678, 7
2633, 27.030439796518202, 7
2634, 26.65362865251097, 7
2635, 25.89702320527423, 7
2636, 26.892404798169245, 7
2637, 26.785978226297722, 7
2638, 27.094344175525723, 7
2639, 27.122692793952652, 7
2640, 27.47498817587525, 7
2641, 27.49397840909061, 7
2642, 27.11623263621025, 7
2643, 26.766125734528956, 7
2644, 26.951770965005938, 7
2645, 27.996735538881964, 7
2646, 27.963050422348577, 7
2647, 27.972039999014918, 7
2648, 28.472450026687152, 7
2649, 27.763171848893936, 7
2650, 27.868532927974226, 7
2651, 27.88160009289527, 7
2652, 27.894721686278938, 7
2653, 27.880823259653145, 7
2654, 26.815864664438642, 7
2655, 27.357008406485416, 7
2656, 26.689338246901116, 7
2657, 26.69686480760303, 7
2658, 26.683671924572614, 7
2659, 26.696586499643686, 7
2660, 26.674159719810824, 7
2661, 27.107608491620887, 7
2662, 27.15052819548161, 7
2663, 26.97658965381933, 7
2664, 27.11964317491728, 7
2665, 27.21231377886942, 7
2666, 27.73229448121665, 7
2667, 27.510392714527057, 7
2668, 27.473818962795697, 7
2669, 27.499724802204653, 7
2670, 27.245863995296947, 7
2671, 27.27859316866663, 7
2672, 27.095225956505253, 7
2673, 27.405802903831493, 7
2674, 27.381526328746528, 7
2675, 27.366987648686074, 7
2676, 27.39734724617302, 7
2677, 27.384186713457236, 7
2678, 27.439389469678357, 7
2679, 27.094803060560874, 7
2680, 27.380139247329883, 7
2681, 27.40287566436144, 7
2682, 27.542023290583053, 7
2683, 27.514180644580065, 7
2684, 28.274216572576115, 7
2685, 30.209113194640636, 8
2686, 30.344782943383375, 8
2687, 30.433098335975473, 8
2688, 30.349781388236373, 8
2689, 30.49894951964708, 8
2690, 30.542069209726936, 8
2691, 30.440966132968427, 8
2692, 30.598395146151496, 8
2693, 30.164521313996257, 8
2694, 30.128097382428713, 8
2695, 29.950802604572914, 8
2696, 30.40293015119981, 8
2697, 29.969079214162797, 8
2698, 29.978852961574567, 8
2699, 29.928021012226186, 8
2700, 29.87426022391958, 8
2701, 29.93645911024133, 8
2702, 30.02194825349489, 8
2703, 29.793920210382286, 8
2704, 28.969303395092897, 8
2705, 29.118039590155746, 8
2706, 29.112733766043245, 8
2707, 29.04183583606498, 8
2708, 29.277493388963375, 8
2709, 29.247406528606664, 8
2710, 29.131375983870964, 8
2711, 29.165880016132757, 8
2712, 29.301143064139453, 8
2713, 29.401812628324684, 8
2714, 29.38569458632174, 8
2715, 29.292535952054088, 8
2716, 29.008349496178543, 8
2717, 28.997172622175064, 8
2718, 28.96290467206657, 8
2719, 28.912056326549962, 8
2720, 29.0712508726353, 8
2721, 29.133359805948512, 8
2722, 29.373036165901183, 8
2723, 29.240408606829117, 8
2724, 28.752205076027344, 8
2725, 28.747846852624402, 8
2726, 29.050267473046134, 8
2727, 29.22488944345804, 8
2728, 29.03004923276141, 8
2729, 28.82652027289543, 8
2730, 29.21270439178848, 8
2731, 29.096531209451793, 8
2732, 29.18845815111047, 8
2733, 29.104591443808815, 8
2734, 29.073551909926234, 8
2735, 28.2970972235156, 8
2736, 28.292023062980096, 8
2737, 28.32604572781231, 8
2738, 28.379910157671546, 8
2739, 28.337326763645677, 8
2740, 28.311443303487334, 8
2741, 28.035168290634505, 8
2742, 28.1142112804906, 8
2743, 27.932987897506344, 8
2744, 25.91727497781492, 7
2745, 25.891748019034093, 7
2746, 26.047996254041436, 7
2747, 26.032331015410808, 7
2748, 25.73385630433126, 7
2749, 25.726236857783967, 7
2750, 25.76115725617839, 7
2751, 25.756357604069354, 7
2752, 26.5651210868146, 7
2753, 26.40432556054212, 7
2754, 26.21700569914281, 7
2755, 26.1955664585495, 7
2756, 26.215040056872663, 7
2757, 26.356534799785862, 7
2758, 26.340922494457285, 7
2759, 26.20578224095928, 7
2760, 25.523325326726624, 7
2761, 27.654044461907656, 8
2762, 27.688911096599234, 8
2763, 27.742590486331434, 8
2764, 25.900757650723072, 7
2765, 25.937508766648797, 7
2766, 26.092171713339454, 7
2767, 25.943396482131256, 7
2768, 26.518467515254237, 7
2769, 26.558008785206837, 7
2770, 26.639974381353543, 7
2771, 26.840360734337523, 7
2772, 26.682563322382563, 7
2773, 26.664323528718803, 7
2774, 26.830413972537013, 7
2775, 26.76572357587847, 7
2776, 26.882046070340564, 7
2777, 27.047542569604907, 7
2778, 27.176799470664907, 7
2779, 26.893513183578158, 7
2780, 26.14536146057158, 7
2781, 26.22099163742535, 7
2782, 26.067353192998596, 7
2783, 28.24007317917127, 8
2784, 28.260440901136818, 8
2785, 28.954675992844642, 8
2786, 28.934770214638192, 8
2787, 28.794022825284216, 8
2788, 29.101132329579713, 8
2789, 29.02165310977835, 8
2790, 29.046799019498856, 8
2791, 28.945857748356836, 8
2792, 28.910844169230508, 8
2793, 28.880756346431284, 8
2794, 28.86484486234845, 8
2795, 28.749929520168436, 8
2796, 34.468420285198455, 8
2797, 34.45757599428547, 8
2798, 34.466435465296, 8
2799, 34.7279291917107, 8
2800, 34.71526775511162, 8
2801, 35.67043236118137, 8
2802, 36.09851475713521, 8
2803, 35.9946819154624, 8
2804, 34.94749842979513, 8
2805, 34.95897253397075, 8
2806, 34.85314395905072, 8
2807, 34.834433846590684, 8
2808, 34.61867473701689, 8
2809, 34.96662103937792, 8
2810, 34.96616410532499, 8
2811, 35.47881096964861, 8
2812, 35.494070961961015, 8
2813, 35.51174711252385, 8
2814, 35.437633319240554, 8
2815, 35.47431171517031, 8
2816, 35.41478144872862, 8
2817, 35.26480854638142, 8
2818, 36.257041660167516, 8
2819, 36.275615838773724, 8
2820, 36.22639489003568, 8
2821, 35.87543363458891, 8
2822, 35.91783603369278, 8
2823, 36.068266200632365, 8
2824, 35.86582543000519, 8
2825, 35.88324608040033, 8
2826, 35.73090677491611, 8
2827, 35.732038572811916, 8
2828, 36.059963146532134, 8
2829, 35.712605116196585, 8
2830, 35.88004318453488, 8
2831, 37.079857822117624, 8
2832, 36.886500280613895, 8
2833, 36.89063763477109, 8
2834, 37.23509392504597, 8
2835, 37.28203596217447, 8
2836, 37.06631315320548, 8
2837, 36.33400999770101, 8
2838, 36.51920538843467, 8
2839, 36.50582578334938, 8
2840, 37.348707091687274, 8
2841, 39.77657454566405, 9
2842, 39.591178185412836, 9
2843, 39.7930515349269, 9
2844, 36.88046334198553, 8
2845, 36.8636114091935, 8
2846, 36.63405608035928, 8
2847, 36.67511242064412, 8
2848, 36.64268519993564, 8
2849, 36.491461784203615, 8
2850, 36.48145217120628, 8
2851, 36.136851994556416, 8
2852, 35.217075181312595, 8
2853, 34.65129102643704, 8
2854, 35.39299831388148, 8
2855, 36.21024595139974, 8
2856, 37.289326448685365, 8
2857, 37.28042241454957, 8
2858, 37.300627282327206, 8
2859, 37.326781825983, 8
2860, 37.457798574512786, 8
2861, 36.26316877671857, 8
2862, 36.32114754955683, 8
2863, 36.317789920046934, 8
2864, 36.320847117428805, 8
2865, 36.45147990227229, 8
2866, 36.724592813210755, 8
2867, 37.40857165888674, 8
2868, 38.42598873057483, 8
2869, 38.41088325297461, 8
2870, 38.79319912246061, 8
2871, 38.77052999485856, 8
2872, 39.00802374423123, 8
2873, 38.99384080786688, 8
2874, 38.55865220565849, 8
2875, 38.347038511732286, 8
2876, 38.15015116097656, 8
2877, 38.12824538167251, 8
2878, 37.7871659618139, 8
2879, 37.7796857905138, 8
2880, 37.47673915469191, 8
2881, 36.18161490961428, 8
2882, 36.19042689018877, 8
2883, 36.34639977245077, 8
2884, 36.15889988664804, 8
2885, 35.309622011238815, 8
2886, 36.261358679751254, 8
2887, 36.14619259250288, 8
2888, 35.95405783696097, 8
2889, 36.26065856436846, 8
2890, 36.25877434851017, 8
2891, 36.25104250333142, 8
2892, 36.23944359027495, 8
2893, 35.535934755442376, 8
2894, 35.55489293063461, 8
2895, 36.37865684577373, 8
2896, 36.35667910203818, 8
2897, 35.56065347838315, 8
2898, 35.705377780107725, 8
2899, 35.909225816204405, 8
2900, 36.64025577891955, 8
2901, 36.686492491361335, 8
2902, 37.01339436580442, 8
2903, 37.19371664175022, 8
2904, 36.9898716964469, 8
2905, 37.03997554125647, 8
2906, 36.99155992809371, 8
2907, 36.99112893864797, 8
2908, 37.16855823601729, 8
2909, 37.18931066571552, 8
2910, 37.04725053645892, 8
2911, 36.48598653705891, 8
2912, 36.3234666734648, 8
2913, 36.65181884165089, 8
2914, 36.47195166163232, 8
2915, 36.46735717517988, 8
2916, 38.14901051442, 9
2917, 37.377247988510064, 9
2918, 37.14655306010033, 9
2919, 37.12499589661284, 9
2920, 37.146028031718956, 9
2921, 35.316263491333906, 8
2922, 35.64338910238853, 8
2923, 35.65193298591116, 8
2924, 36.76175368496594, 8
2925, 36.4503269525427, 8
2926, 36.453958485333665, 8
2927, 35.62679784292921, 8
2928, 35.761846685551795, 8
2929, 35.60303525217361, 8
2930, 35.59561145618182, 8
2931, 35.76736175954366, 8
2932, 35.72254719661869, 8
2933, 35.736922019842936, 8
2934, 35.93268235461573, 8
2935, 35.77510001600919, 8
2936, 35.93231190002729, 8
2937, 35.774236076605185, 8
2938, 35.88915539238949, 8
2939, 35.56881112488554, 8
2940, 35.41693920884732, 8
2941, 35.50343172449689, 8
2942, 35.856712148733685, 8
2943, 35.89953763218725, 8
2944, 36.015039799418275, 8
2945, 35.84051226923458, 8
2946, 36.13441469529806, 8
2947, 36.47821675020641, 8
2948, 36.25120405593071, 8
2949, 35.9595996613821, 8
2950, 36.00746669067511, 8
2951, 35.99618437002175, 8
2952, 36.12746091442633, 8
2953, 36.09760317904524, 8
2954, 36.087053691924886, 8
2955, 36.0802937275173, 8
2956, 36.0925657628717, 8
2957, 36.08827742648994, 8
2958, 35.93314746389281, 8
2959, 36.087264892467914, 8
2960, 35.921053958138316, 8
2961, 35.89848670096441, 8
2962, 44.042315393624335, 9
2963, 44.185407695172096, 9
2964, 44.03935704021658, 9
2965, 44.61836051253243, 9
2966, 44.60555521993862, 9
2967, 44.63451795236822, 9
2968, 44.95091726220176, 9
2969, 44.958645229426594, 9
2970, 45.11875698163703, 9
2971, 45.303310774622965, 9
2972, 44.1999181741336, 9
2973, 44.02627922975332, 9
2974, 44.220518337566226, 9
2975, 44.23146392412187, 9
2976, 44.21427863486605, 9
2977, 43.55954838432958, 9
2978, 43.92288355372407, 9
2979, 43.87378123003959, 9
2980, 43.875042556410214, 9
2981, 44.286676121293226, 9
2982, 36.79692373934658, 10
2983, 37.02269428797043, 10
2984, 36.999928551264844, 10
2985, 36.98614058865682, 10
2986, 36.79742112278192, 10
2987, 36.86587985360297, 10
2988, 36.852790551348356, 10
2989, 36.53670206865945, 10
2990, 36.51497791801209, 10
2991, 34.139940403263275, 9
2992, 29.61622363438297, 10
2993, 30.025515240442314, 9
2994, 30.03562216211974, 9
2995, 27.618564053696673, 8
2996, 27.68228712220374, 8
2997, 27.357757718872637, 8
2998, 27.348710857257274, 8
2999, 27.565963049820105, 8
3000, 27.91034222234308, 8
3001, 27.535733347808215, 8
3002, 27.51560196204346, 8
3003, 27.50250846356724, 8
3004, 27.10512184025955, 8
3005, 28.245874512039013, 8
3006, 27.91976148692724, 8
3007, 27.942083189681163, 8
3008, 27.70151568537289, 8
3009, 28.008059166122557, 8
3010, 27.893342703889843, 8
3011, 27.878316789352596, 8
3012, 27.780830036651228, 8
3013, 28.34474888530573, 8
3014, 28.288280766219017, 8
3015, 27.38027965937434, 8
3016, 27.580022909135923, 8
3017, 27.55914240925518, 8
3018, 27.449898414580456, 8
3019, 27.565510831706405, 8
3020, 27.596430221986044, 8
3021, 27.31172024648475, 8
3022, 27.449231295894997, 8
3023, 27.5709761482921, 8
3024, 27.421939324146283, 8
3025, 27.73938819088346, 8
3026, 27.739697615459747, 8
3027, 27.56001827173079, 8
3028, 27.271706671781423, 8
3029, 27.577768741145693, 8
3030, 27.566001177976755, 8
3031, 27.213939752633607, 8
3032, 27.01887565594352, 8
3033, 27.259880558263806, 8
3034, 27.250472909036457, 8
3035, 27.552175768324666, 8
3036, 27.694557467939806, 8
3037, 27.891841169795743, 8
3038, 27.906392385463747, 8
3039, 28.090456229148423, 8
3040, 27.78020545458293, 8
3041, 28.230702949072736, 8
3042, 27.742368140792752, 8
3043, 27.87407617534066, 8
3044, 27.85703949659528, 8
3045, 28.003097475090357, 8
3046, 27.799146660734213, 8
3047, 27.937908817175728, 8
3048, 27.97717628681966, 8
3049, 27.97256720822548, 8
3050, 27.991237001363892, 8
3051, 27.821836409367712, 8
3052, 27.86101794458138, 8
3053, 27.933567079530324, 8
3054, 27.603689154077813, 8
3055, 27.881821550377826, 8
3056, 28.02871241723625, 8
3057, 29.119626473718466, 8
3058, 28.91127537122135, 8
3059, 28.90591614002136, 8
3060, 28.919751655981248, 8
3061, 28.596345321538298, 8
3062, 28.75109618654308, 8
3063, 28.568001863777855, 8
3064, 29.18943151296669, 8
3065, 29.20984929033325, 8
3066, 29.182589496985596, 8
3067, 29.171132524623207, 8
3068, 28.89133001800472, 8
3069, 29.990369444266808, 8
3070, 30.15282415056288, 8
3071, 29.65855630976991, 8
3072, 29.670784506942255, 8
3073, 28.655498325801766, 8
3074, 28.837531540555133, 8
3075, 28.81225906995096, 8
3076, 28.671423698805654, 8
3077, 28.675451345490284, 8
3078, 28.96508380061327, 8
3079, 28.804318409879397, 8
3080, 28.953384514981327, 8
3081, 28.811225896588795, 8
3082, 28.96535507582984, 8
3083, 28.633282058108865, 8
3084, 28.625666457902508, 8
3085, 28.389597584516846, 8
3086, 29.54099794786891, 9
3087, 29.55086807305149, 9
3088, 28.74675816747376, 9
3089, 28.761413238816065, 9
3090, 28.8441661779119, 9
3091, 28.73948855658396, 9
3092, 28.620698913739563, 9
3093, 33.005602518324416, 9
3094, 32.85925272273667, 9
3095, 32.54292163629884, 9
3096, 32.618857388592396, 9
3097, 32.609595333956435, 9
3098, 32.607909483249045, 9
3099, 32.607423572275245, 9
3100, 32.62118655818361, 9
3101, 32.49236803126656, 9
3102, 32.38868140747933, 9
3103, 34.08232474076479, 9
3104, 34.90350211471362, 9
3105, 34.729645439759054, 9
3106, 34.801989088303195, 9
3107, 35.23764997277375, 9
3108, 35.14083607546484, 9
3109, 35.09627545961106, 9
3110, 34.91472648844551, 9
3111, 35.06483378695918, 9
3112, 35.16836381832314, 9
3113, 36.35693309358634, 9
3114, 34.784348091727985, 9
3115, 35.08707433897358, 9
3116, 34.22432983441277, 9
3117, 35.013004190601556, 9
3118, 35.23638359472085, 9
3119, 35.09164982013862, 9
3120, 35.09262226826763, 9
3121, 36.21666000498743, 9
3122, 35.74077052691915, 9
3123, 35.775987172330595, 9
3124, 35.929555560697274, 9
3125, 36.14048500704852, 9
3126, 36.41286124914353, 9
3127, 36.124090870520746, 9
3128, 36.37809145094721, 9
3129, 36.31591579730576, 9
3130, 35.678449954953415, 9
3131, 35.54817068995891, 9
3132, 35.48640762131416, 9
3133, 35.7815744098481, 9
3134, 35.76443082432633, 9
3135, 34.84574335207954, 9
3136, 34.82674775741542, 9
3137, 34.85042282372052, 9
3138, 34.98462288218651, 9
3139, 34.96366127837331, 9
3140, 35.15415155864285, 9
3141, 35.194846731918254, 9
3142, 35.168353713300874, 9
3143, 34.91617488765803, 9
3144, 34.93291854842892, 9
3145, 34.91315248535403, 9
3146, 34.57346991455277, 9
3147, 34.256196484999926, 9
3148, 35.154437600160975, 9
3149, 35.20257205750887, 9
3150, 35.346191303043675, 9
3151, 35.451893120176635, 9
3152, 35.321576426775216, 9
3153, 35.487350352374406, 9
3154, 35.43653505407687, 9
3155, 35.3316255277629, 9
3156, 35.250192219748286, 9
3157, 35.13193226594534, 9
3158, 35.17497424003765, 9
3159, 35.57043971527594, 9
3160, 35.59642373848473, 9
3161, 35.5645630737172, 9
3162, 35.56202667799385, 9
3163, 35.571781880476095, 9
3164, 34.790400836019856, 9
3165, 34.79221281551049, 9
3166, 34.74193312961357, 9
3167, 34.61018923156616, 9
3168, 34.63112715393511, 9
3169, 34.76726226986582, 9
3170, 35.14798398921388, 9
3171, 34.9377038973972, 9
3172, 34.894926469876594, 9
3173, 35.158627310972854, 9
3174, 35.1562756358034, 9
3175, 35.450386419560665, 9
3176, 35.317463497267596, 9
3177, 35.29821080003583, 9
3178, 35.290696324310176, 9
3179, 35.17521895408936, 9
3180, 35.19796942626763, 9
3181, 35.336020414610104, 9
3182, 35.382601263242954, 9
3183, 35.38926301539355, 9
3184, 35.38767782568822, 9
3185, 35.40810822045463, 9
3186, 35.385422616728775, 9
3187, 35.30926833480883, 9
3188, 35.17409872984049, 9
3189, 35.19607582339237, 9
3190, 34.98594403644706, 9
3191, 35.34951838357699, 9
3192, 35.15088603364747, 9
3193, 35.5290168694689, 9
3194, 35.60797866936782, 9
3195, 35.493699644614644, 9
3196, 35.46891757363167, 9
3197, 35.46236978111531, 9
3198, 35.17529213035159, 9
3199, 34.97144204112282, 9
3200, 34.66579212326034, 9
3201, 34.953504612535774, 9
3202, 34.65642096086792, 9
3203, 35.446741372383144, 9
3204, 35.32964237013599, 9
3205, 35.497673235471694, 9
3206, 35.47254267149967, 9
3207, 35.61180425288048, 9
3208, 35.648477376982036, 9
3209, 35.78616182989444, 9
3210, 35.78829298703917, 9
3211, 37.52813844562631, 10
3212, 37.569003159557084, 10
3213, 37.515107712228364, 10
3214, 37.41012419648165, 10
3215, 37.54710047823988, 10
3216, 37.376429733305216, 10
3217, 37.2079280808657, 10
3218, 37.221173602931444, 10
3219, 36.920310347827595, 10
3220, 35.94207087572277, 10
3221, 35.91539064443203, 10
3222, 35.876707764813645, 10
3223, 36.04797926806172, 10
3224, 35.90588841714435, 10
3225, 35.86254820109294, 10
3226, 35.925359243302275, 10
3227, 35.71090527203868, 10
3228, 35.79310906445097, 10
3229, 34.947551343776674, 10
3230, 34.99858964886371, 10
3231, 35.71402034977211, 10
3232, 34.87392803005691, 10
3233, 34.11233795895861, 10
3234, 34.189630448188545, 10
3235, 39.2469361745036, 10
3236, 39.68792393931945, 10
3237, 40.55793902916202, 10
3238, 40.53852738585955, 10
3239, 40.75246297538344, 10
3240, 40.671030746584535, 10
3241, 40.14977218357712, 10
3242, 40.994236346207195, 10
3243, 41.12592521873005, 10
3244, 41.107811444385284, 10
3245, 41.598847660663296, 10
3246, 41.43360725185396, 10
3247, 41.42051748165515, 10
3248, 41.16128443248648, 10
3249, 41.15644987165311, 10
3250, 41.140384119164246, 10
3251, 40.99678740757062, 10
3252, 40.95098122155859, 10
3253, 40.97435812893495, 10
3254, 40.83243751158052, 10
3255, 41.29543915281228, 10
3256, 41.19125642595499, 10
3257, 41.20751781848653, 10
3258, 41.27491820652209, 10
3259, 41.28549004108952, 10
3260, 41.76742890619337, 10
3261, 41.62690722103757, 10
3262, 41.854240001648634, 10
3263, 41.03036369676076, 10
3264, 40.85206078876602, 10
3265, 40.845560738397864, 10
3266, 40.23596087708556, 10
3267, 40.23962174219035, 10
3268, 40.50267962101626, 10
3269, 40.51437172274876, 10
3270, 40.56045945656174, 10
3271, 40.513159428804514, 10
3272, 40.499096461424166, 10
3273, 41.10432519370181, 10
3274, 41.116591932786164, 10
3275, 41.85221426677443, 10
3276, 41.37239718723627, 10
3277, 40.99201120079518, 10
3278, 40.998126902869224, 10
3279, 40.88968710955847, 10
3280, 42.894649349481696, 11
3281, 48.31148560341258, 11
3282, 40.62038075102347, 11
3283, 41.47239312055641, 11
3284, 41.361575613825046, 11
3285, 41.37425408639815, 11
3286, 41.53455549892492, 11
3287, 41.24064311331726, 11
3288, 41.02591511055199, 11
3289, 40.981440073291274, 11
3290, 41.045303011800016, 11
3291, 40.76943434702952, 11
3292, 40.76670818246312, 11
3293, 40.854203390176124, 11
3294, 40.83014242882696, 11
3295, 39.99065174752231, 11
3296, 40.96682280354728, 11
3297, 41.113624488297496, 11
3298, 41.513526017371326, 11
3299, 42.3259319109539, 11
3300, 42.235412533310594, 11
3301, 42.47723597611622, 11
3302, 42.76420064955904, 11
3303, 42.656258071425526, 11
3304, 42.365379818978006, 11
3305, 42.176412895232076, 11
3306, 42.2321715061319, 11
3307, 41.81688881425988, 11
3308, 41.94641226163542, 11
3309, 41.87756805542716, 11
3310, 42.20920488991632, 11
3311, 42.86092421292875, 11
3312, 43.045904449521636, 11
3313, 43.05634111410503, 11
3314, 43.094092487083415, 11
3315, 41.172145304162406, 11
3316, 41.076311489900675, 11
3317, 39.91598195014513, 11
3318, 39.90311213484411, 11
3319, 39.881465085332756, 11
3320, 40.707212887568794, 11
3321, 39.941174040073484, 11
3322, 40.065631806146214, 11
3323, 40.297021951627535, 11
3324, 40.492033240709304, 11
3325, 40.20648975301435, 11
3326, 40.05376203013976, 11
3327, 40.01565548907257, 11
3328, 40.57492223324301, 11
3329, 41.63170876496577, 11
3330, 40.69837023603884, 11
3331, 40.64377875462329, 11
3332, 40.41095811487129, 11
3333, 40.41553137839532, 11
3334, 40.38089084109146, 11
3335, 40.39336708930564, 11
3336, 41.137263069906936, 11
3337, 41.16431808999683, 11
3338, 41.24148466821627, 11
3339, 41.039894959850784, 11
3340, 40.95576700174099, 11
3341, 40.94751571703848, 11
3342, 41.12513678895386, 11
3343, 41.167831590819276, 11
3344, 40.916373229111784, 11
3345, 40.96963723248516, 11
3346, 40.89156242677222, 11
3347, 40.78165679711473, 11
3348, 41.16154473477349, 11
3349, 41.79742425045782, 11
3350, 41.93071185147856, 11
3351, 41.10719342268525, 11
3352, 40.93470674335141, 11
3353, 40.977558448674515, 11
3354, 40.29619804293538, 11
3355, 40.55611667029205, 11
3356, 40.55258206386885, 11
3357, 41.45200346121604, 11
3358, 42.074823157491814, 11
3359, 42.06311762264515, 11
3360, 42.34472061714224, 11
3361, 42.33556743870566, 11
3362, 42.32837290196788, 11
3363, 41.99367160126622, 11
3364, 42.05392258303029, 11
3365, 42.389238018182816, 11
3366, 47.10072544452223, 11
3367, 47.06646090680363, 11
3368, 47.055427202668284, 11
3369, 48.03022449182328, 11
3370, 48.04193507139875, 11
3371, 48.04833921426609, 11
3372, 47.83740702777198, 11
3373, 48.071452054858824, 11
3374, 47.843932649601115, 11
3375, 47.84595075143994, 11
3376, 47.8259503365982, 11
3377, 47.02491335656833, 11
3378, 47.34622146215023, 11
3379, 47.31306020418335, 11
3380, 47.43174053531811, 11
3381, 47.24064244048983, 11
3382, 47.13787434935681, 11
3383, 47.113847907348934, 11
3384, 46.861750914621126, 11
3385, 47.785966702064954, 11
3386, 47.74107808788735, 11
3387, 47.62150949136956, 11
3388, 48.400119953956676, 11
3389, 48.38606088043566, 11
3390, 48.457785408935905, 11
3391, 48.536076170295814, 11
3392, 47.44399024392224, 11
