0, 0, 2
1, 0, 2
2, 0, 2
3, 0, 2
4, 0, 2
5, 0, 2
6, 0, 2
7, 1.3862943611198906, 2
8, 1.3862943611198906, 2
9, 1.3862943611198906, 2
10, 1.3862943611198906, 2
11, 1.3862943611198906, 2
12, 1.3862943611198906, 2
13, 1.3862943611198906, 2
14, 1.3862943611198906, 2
15, 1.3862943611198906, 2
16, 1.3862943611198906, 2
17, 4.394449154672439, 2
18, 4.394449154672439, 2
19, 4.394449154672439, 2
20, 4.394449154672439, 2
21, 4.394449154672439, 2
22, 4.394449154672439, 2
23, 4.394449154672439, 2
24, 5.740338101157291, 2
25, 0.640271634603039, 2
26, 5.115323181061143, 2
27, 7.112221694834641, 2
28, 8.235835541374032, 2
29, 4.251923114629458, 2
30, 4.621319494443937, 2
31, 5.498428201368089, 2
32, 3.1686377046775362, 2
33, 4.6794767598836895, 2
34, 3.7469910246067606, 2
35, 0.8198430671851843, 2
36, 5.933653879197353, 2
37, 0.6987653172808379, 2
38, 2.0374005014315886, 2
39, 4.211802926051994, 2
40, 0.7416983364873739, 2
41, 0.1778070502833352, 2
42, 1.128449535871345, 2
43, 0.47778290260238543, 2
44, 0.6484900291392903, 2
45, 0.7331768340505554, 2
46, 1.7894294767326744, 2
47, 0.7944855403567735, 2
48, 0.392342463268622, 2
49, 8.109610230246943, 2
50, 8.844769407688636, 2
51, 8.42868869381165, 2
52, 8.650211721627475, 2
53, 7.72651336393434, 2
54, 8.304232789718597, 2
55, 8.020893722007052, 2
56, 7.9259642071014795, 2
57, 8.36470322222923, 2
58, 7.901791038868787, 2
59, 5.934872449067148, 2
60, 10.374696453699237, 2
61, 12.203239574486952, 2
62, 11.244941455832972, 2
63, 10.436302134753614, 2
64, 10.444618872241412, 2
65, 10.653458827655387, 2
66, 16.515347263988637, 2
67, 13.307103947633264, 2
68, 11.101315158969493, 2
69, 10.883673925044043, 2
70, 10.943468214078695, 2
71, 10.999950602574852, 2
72, 10.834751537464678, 2
73, 10.911519390753847, 2
74, 10.783027289307944, 2
75, 13.538361480123228, 2
76, 13.469059377212968, 2
77, 13.608879354974153, 2
78, 13.684260753491923, 2
79, 13.549006969055803, 2
80, 13.583271340920914, 2
81, 13.466136512756785, 2
82, 13.4954489571899, 2
83, 11.479809814019893, 2
84, 11.471311905295389, 2
85, 16.08535163956418, 2
86, 16.143468072728602, 2
87, 16.15472244452972, 2
88, 16.07277030021943, 2
89, 16.138660090494227, 2
90, 16.04971385628686, 2
91, 13.923286034585686, 2
92, 19.51322980316668, 2
93, 19.52487220854175, 2
94, 19.5201389313955, 2
95, 19.509970510288944, 2
96, 19.56372114195661, 2
97, 19.519174675457243, 2
98, 19.50869896302596, 2
99, 19.509330549046894, 2
100, 16.69471530255592, 2
101, 20.787300254624203, 2
102, 20.80188071902008, 2
103, 20.786074292524138, 2
104, 20.785090712801107, 2
105, 16.872416914731502, 2
106, 16.872644619918628, 2
107, 19.41558455270466, 2
108, 19.406906949915136, 2
109, 19.438826980584793, 2
110, 19.41446584619124, 2
111, 19.41562244572289, 2
112, 19.404877010955417, 2
113, 19.415056337499216, 2
114, 19.41387097999893, 2
115, 19.431994733944364, 2
116, 19.41437024582781, 2
117, 19.381716070234333, 2
118, 19.411699364517798, 2
119, 19.412994848064372, 2
120, 19.421075998472105, 2
121, 19.41296612639371, 2
122, 19.410959656140026, 2
123, 19.408885158496762, 2
124, 19.401604110553745, 2
125, 21.086383926679396, 3
126, 19.78550413208307, 3
127, 19.580457046561204, 3
128, 19.43436612574771, 3
129, 19.436025480301595, 3
130, 19.586075396634115, 3
131, 19.79703255658783, 3
132, 19.82443783869774, 3
133, 19.58796966427137, 3
134, 20.035357422480406, 3
135, 20.10985480904943, 3
136, 20.141477238235115, 3
137, 19.87127286275518, 3
138, 19.99395956869332, 3
139, 20.024184021507306, 3
140, 20.04983241708896, 3
141, 19.896758872381692, 3
142, 19.98062054792544, 3
143, 19.98294673481825, 3
144, 20.062607456143986, 3
145, 19.927595942358476, 3
146, 19.87682867587388, 3
147, 19.907901501543535, 3
148, 19.89230322625318, 3
149, 19.999345830194283, 3
150, 19.9233767699769, 3
151, 19.825601488961883, 3
152, 19.879507151889847, 3
153, 19.89796562079203, 3
154, 25.445256019815247, 3
155, 29.575992430697355, 3
156, 36.510579853566654, 3
157, 36.405792854344085, 3
158, 36.00011020341025, 3
159, 36.26477261252759, 3
160, 36.24371738776649, 3
161, 36.20438248892607, 3
162, 40.96495863513675, 3
163, 40.96660005977119, 3
164, 46.00099378769457, 3
165, 46.903536121503535, 3
166, 55.79824179747041, 3
167, 62.349116828603904, 3
168, 62.305355871807016, 3
169, 62.38213325632989, 3
170, 62.38236153938003, 3
171, 62.46315185085502, 3
172, 62.37551603295209, 3
173, 62.3607603894961, 3
174, 62.280317925556574, 3
175, 62.28427345588572, 3
176, 62.27315792102872, 3
177, 63.941849905367896, 4
178, 62.90535011266561, 4
179, 62.360272042992484, 4
180, 62.90307433127427, 4
181, 62.89830577520664, 4
182, 65.7802512944318, 4
183, 65.35929938360724, 4
184, 65.6830219001863, 4
185, 65.4351488601628, 4
186, 65.35240713116863, 4
187, 65.77817520091193, 4
188, 65.79903098414661, 4
189, 65.52331539995535, 4
190, 72.92105638781717, 4
191, 72.62960763694012, 4
192, 72.75508159534157, 4
193, 72.9514003831085, 4
194, 72.65424250041374, 4
195, 72.66543642385983, 4
196, 72.7751609768811, 4
197, 72.81940846666626, 4
198, 72.63799790141125, 4
199, 72.69747606843693, 4
200, 72.78978470987329, 4
201, 72.76108097794393, 4
202, 73.13109924269048, 5
203, 73.02645726518837, 5
204, 72.89325406725305, 5
205, 72.75184395460636, 5
206, 72.936742520253, 5
207, 72.57424979805397, 5
208, 72.71830770170173, 5
209, 77.19439505271521, 4
210, 77.19454368070126, 4
211, 81.26742944608883, 5
212, 81.16502523742083, 5
213, 81.02041321571751, 5
214, 81.3561189370999, 5
215, 81.07613021428027, 5
216, 81.16529936409817, 5
217, 81.20165412733411, 5
218, 81.3072304264194, 5
219, 87.4395997507935, 6
220, 87.7905990634024, 6
221, 87.69365985876563, 6
222, 87.41615193482514, 6
223, 87.29323655322584, 6
224, 87.65682387896227, 6
225, 87.44030513924899, 6
226, 87.19469088096399, 6
227, 87.13700867243128, 6
228, 87.24933531129749, 6
229, 87.28362878845981, 6
230, 87.36964591395487, 6
231, 87.32214713586974, 6
232, 86.95064027145507, 6
233, 87.45947747476968, 6
234, 87.10101368516283, 6
235, 103.26583449734227, 6
236, 103.39455888512192, 6
237, 103.74885439799787, 6
238, 103.534168613052, 6
239, 103.54689668467864, 6
240, 103.53066165265216, 6
241, 103.46552017810342, 6
242, 109.55541872312065, 6
243, 109.25728394158206, 6
244, 110.71293622175347, 6
245, 117.36354327081354, 6
246, 121.16478408987618, 6
247, 121.04114189334567, 6
248, 120.98355860473335, 6
249, 121.21564694638697, 6
250, 128.40601329733067, 6
251, 128.30606628973953, 6
252, 128.47062037737214, 6
253, 135.97512607941653, 6
254, 139.9331265866757, 6
255, 140.16641426060926, 6
256, 139.21269656886582, 6
257, 139.34425197035011, 6
258, 139.30277650670212, 6
259, 139.14600453118393, 6
260, 139.2463675557478, 6
261, 139.30592468644588, 6
262, 139.31293849693898, 6
263, 139.33774800401108, 6
264, 139.17952873573756, 6
265, 139.1785429860145, 6
266, 139.15119482369929, 6
267, 139.19034704521232, 6
268, 139.14695358327225, 6
269, 139.20544809812856, 6
270, 135.3413221064307, 6
271, 141.44845353724327, 6
272, 141.3241896768121, 6
273, 141.27949791929433, 6
274, 141.3861497001468, 6
275, 141.34043515484854, 6
276, 141.39054738229956, 6
277, 141.4097110266171, 6
278, 149.3217219908967, 6
279, 149.4520508664498, 6
280, 149.44171650846656, 6
281, 146.3106546374508, 5
282, 146.30921703976773, 5
283, 146.29521619543678, 5
284, 146.33929334100628, 5
285, 146.25455378244268, 5
286, 146.29374878808693, 5
287, 123.27710759700915, 5
288, 123.23963201594567, 5
289, 123.1886809077722, 5
290, 125.98462387260321, 5
291, 133.44261344138414, 6
292, 126.60423968140171, 6
293, 126.66059934020937, 6
294, 126.82555553097389, 6
295, 138.39967741405817, 6
296, 138.35745876553415, 6
297, 138.3937619983179, 6
298, 138.2976013254914, 6
299, 138.3309115685041, 6
300, 146.7402839800839, 7
301, 146.91002912934096, 7
302, 146.72532268718942, 7
303, 146.794070269958, 7
304, 146.75266329115377, 7
305, 146.69658232715153, 7
306, 146.7720177883716, 7
307, 146.783446351903, 7
308, 146.75654888345855, 7
309, 146.7762656048916, 7
310, 146.7987017952711, 7
311, 146.76301822109454, 7
312, 146.71703241266113, 7
313, 146.68524387014577, 7
314, 146.77615306949102, 7
315, 146.72059384921934, 7
316, 146.7804355697847, 7
317, 146.826346234117, 7
318, 146.7893388976668, 7
319, 146.63421494417628, 7
320, 146.70367375584823, 7
321, 146.65949275466883, 7
322, 146.64453876334727, 7
323, 146.72747924308015, 7
324, 146.73234134106326, 7
325, 146.73622169389725, 7
326, 146.65426283279945, 7
327, 146.70425935465732, 7
328, 146.699398841984, 7
329, 146.63857091519003, 7
330, 146.7379199982909, 7
331, 146.66492594157168, 7
332, 146.61328848216354, 7
333, 146.77915329373215, 7
334, 146.71608648649467, 7
335, 146.70599302095428, 7
336, 146.59886259832362, 7
337, 146.7392996071993, 7
338, 146.6073265633043, 7
339, 146.63460827585564, 7
340, 146.68997751101014, 7
341, 133.49977207550998, 6
342, 133.4696005977728, 6
343, 133.45634671616844, 6
344, 133.53220155900033, 6
345, 133.48646905093878, 6
346, 133.52993757268217, 6
347, 133.50434746524724, 6
348, 133.4500617932205, 6
349, 133.45453946865464, 6
350, 133.49301437294633, 6
351, 139.77685669971183, 7
352, 139.90309760508475, 7
353, 139.76296932129034, 7
354, 139.8440231181625, 7
355, 139.84294486727705, 7
356, 139.80722827907357, 7
357, 139.79397848874328, 7
358, 139.8404332789842, 7
359, 139.83279083501833, 7
360, 139.84235626010366, 7
361, 139.86814318057102, 7
362, 139.81963617874504, 7
363, 139.81285941614468, 7
364, 146.95237195991666, 8
365, 147.0204659959944, 8
366, 146.97533193379218, 8
367, 147.02303881001285, 8
368, 147.03765496576034, 8
369, 146.95654359727297, 8
370, 146.9435425953725, 8
371, 146.96918678234687, 8
372, 147.0029986989466, 8
373, 146.95034547775145, 8
374, 147.0247343295943, 8
375, 146.9346705615717, 8
376, 146.99334093074202, 8
377, 146.92112184047437, 8
378, 146.9731538769734, 8
379, 146.98499960731561, 8
380, 146.98892161547218, 8
381, 142.0321082285355, 8
382, 142.0246492116423, 8
383, 142.12573798464072, 8
384, 142.05660772107035, 8
385, 142.04509064394287, 8
386, 142.0403698754623, 8
387, 142.099467183023, 8
388, 142.08977220362172, 8
389, 142.11625649494184, 8
390, 142.05686027040505, 8
391, 142.10078064929544, 8
392, 142.06828967251096, 8
393, 142.0329588612772, 8
394, 142.02612495456097, 8
395, 142.0865796976298, 8
396, 142.11567362389673, 8
397, 142.04850366009032, 8
398, 142.0899356015699, 8
399, 142.0467466259017, 8
400, 142.0359951299271, 8
401, 142.06960373147146, 8
402, 133.70148246319695, 7
403, 133.66838133788437, 7
404, 133.71926377951192, 7
405, 133.65356128459942, 7
406, 133.68666882872407, 7
407, 133.69505993455556, 7
408, 133.68209248668094, 7
409, 133.66813766979573, 7
410, 133.69884350417726, 7
411, 133.6501883705841, 7
412, 133.66313322516032, 7
413, 133.6308805364507, 7
414, 133.70643133310563, 7
415, 133.6767541079739, 7
416, 133.65326839237736, 7
417, 133.6996980456257, 7
418, 133.68084408547932, 7
419, 133.65510176091996, 7
420, 133.68357621614228, 7
421, 133.7099030760256, 7
422, 133.67241285999734, 7
423, 133.6849624025055, 7
424, 133.6296397179312, 7
425, 133.6863791572798, 7
426, 133.64601960532565, 7
427, 133.65993357279146, 7
428, 133.6627978737131, 7
429, 132.21621547163113, 7
430, 132.25551732625638, 7
431, 132.16525763808852, 7
432, 132.21651748194824, 7
433, 132.2346529667028, 7
434, 132.1965093897373, 7
435, 132.17739309207488, 7
436, 132.25993913725208, 7
437, 132.21207338928266, 7
438, 132.19723292262512, 7
439, 132.24599109945822, 7
440, 132.17284988435867, 7
441, 132.19442894211633, 7
442, 132.19513407757768, 7
443, 132.23445696587632, 7
444, 132.21083015514066, 7
445, 132.18107966596037, 7
446, 132.193182759889, 7
447, 132.1940264575384, 7
448, 132.23616401910505, 7
449, 132.232882926921, 7
450, 132.18413057882788, 7
451, 132.22306865567947, 7
452, 132.2122184656539, 7
453, 132.17538992718974, 7
454, 132.1545105736714, 7
455, 132.21983835384563, 7
456, 132.19461968788454, 7
457, 132.18874766458526, 7
458, 132.15836973931758, 7
459, 132.18658291802853, 7
460, 132.18573720370588, 7
461, 132.2194570657428, 7
462, 132.19397448186652, 7
463, 132.1746555270279, 7
464, 132.21218916913335, 7
465, 132.20607976356663, 7
466, 132.19535290387833, 7
467, 132.19078081125085, 7
468, 132.19659370296975, 7
469, 132.17586397813258, 7
470, 132.1754937977036, 7
471, 132.19592443096397, 7
472, 126.2234043775924, 6
473, 126.2340934439448, 6
474, 126.21839520062194, 6
475, 126.21703072257972, 6
476, 126.22844304056781, 6
477, 129.4921653663176, 7
478, 129.52759010542601, 7
479, 129.53721863797227, 7
480, 129.51330077766957, 7
481, 129.49641315732583, 7
482, 129.501453596301, 7
483, 129.5250053304641, 7
484, 133.4368525643676, 8
485, 133.4049964411262, 8
486, 133.36738500632066, 8
487, 133.42502463830357, 8
488, 133.415754894742, 8
489, 133.4116272883696, 8
490, 133.38995196863266, 8
491, 133.50598761982496, 8
492, 133.4603861303215, 8
493, 133.58805249549349, 8
494, 134.0607713270178, 8
495, 133.6079211810778, 8
496, 133.38777029032636, 8
497, 133.65775443594364, 8
498, 133.1563950720365, 8
499, 133.04715879648683, 8
500, 133.63256474115298, 8
501, 133.65931096589213, 8
502, 133.48182580628387, 8
503, 133.167383941297, 8
504, 133.13143759642423, 8
505, 132.97395536934337, 8
506, 133.51454278019418, 8
507, 133.3216468023574, 8
508, 133.06631685758757, 8
509, 133.52529997999804, 8
510, 133.74892916710462, 8
511, 133.25876329389462, 8
512, 142.59016156456133, 8
513, 142.4323974290636, 8
514, 142.66826888878134, 8
515, 142.5359219257362, 8
516, 142.623579537701, 8
517, 147.88167915479985, 8
518, 148.3156137341244, 8
519, 148.3916366321721, 8
520, 148.22129617070274, 8
521, 148.33392079011455, 8
522, 148.20200917162595, 8
523, 148.33752861582823, 8
524, 148.13684426001282, 8
525, 147.80190855725894, 8
526, 148.37521831994883, 8
527, 148.03665066002236, 8
528, 148.23955608706132, 8
529, 148.056960173974, 8
530, 148.28514228653395, 8
531, 148.271628026008, 8
532, 148.0803253750698, 8
533, 147.84642546011463, 8
534, 147.7615091002828, 8
535, 147.86551882190219, 8
536, 147.72908227801705, 8
537, 148.0404717156762, 8
538, 148.1929124362158, 8
539, 149.87791589570546, 8
540, 149.79602104876062, 8
541, 149.38649487746505, 8
542, 149.5582470460613, 8
543, 149.8202650651681, 8
544, 149.3814519621309, 8
545, 149.56624973940882, 8
546, 149.45895021754674, 8
547, 149.39194219626293, 8
548, 154.42202904398798, 8
549, 154.8415327462759, 8
550, 154.67536763775408, 8
551, 154.56383329098674, 8
552, 154.42647756780167, 8
553, 154.6877468995417, 8
554, 154.55310228100325, 8
555, 154.64209889090165, 8
556, 154.7290661573086, 8
557, 154.446961644015, 8
558, 154.54335040376665, 8
559, 154.72074176299674, 8
560, 154.54707704420406, 8
561, 154.3539270163688, 8
562, 149.61951742214714, 8
563, 149.74499165184164, 8
564, 149.61471465719637, 8
565, 149.66783413124946, 8
566, 149.96344144787625, 8
567, 149.66943908655375, 8
568, 150.04351516092822, 8
569, 149.8824282878876, 8
570, 149.84089209301587, 8
571, 149.9803535704353, 8
572, 149.6926684183383, 8
573, 149.9498438484579, 8
574, 149.70876346035692, 8
575, 149.86966491945248, 8
576, 149.83820703792748, 8
577, 149.89272102668758, 8
578, 149.97777280851324, 8
579, 149.87427375273165, 8
580, 149.6448467294135, 8
581, 149.72142956529706, 8
582, 149.52836980380997, 8
583, 149.63431170164586, 8
584, 149.76446557784692, 8
585, 149.72564424233605, 8
586, 156.19908071083128, 8
587, 156.42114883085847, 8
588, 156.39547080620756, 8
589, 156.49953091144909, 8
590, 156.39461294899874, 8
591, 156.24610698007257, 8
592, 156.48797305117316, 8
593, 156.4324706838897, 8
594, 156.2753957591931, 8
595, 156.4732145217922, 8
596, 156.44340558317478, 8
597, 156.33346184460632, 8
598, 156.12478758356508, 8
599, 156.49292521553477, 8
600, 156.15182490985217, 8
601, 156.30455266239412, 8
602, 156.18316251971305, 8
603, 156.3204369787232, 8
604, 156.25417373275735, 8
605, 156.46948811247023, 8
606, 147.83117522339955, 8
607, 147.7266869193496, 8
608, 147.92239410245875, 8
609, 148.0308579366537, 8
610, 147.83899834528765, 8
611, 147.78113896055035, 8
612, 147.93577760416656, 8
613, 147.8897268911555, 8
614, 147.70871100232137, 8
615, 147.7258872841461, 8
616, 147.76603798053137, 8
617, 147.92132720454543, 8
618, 152.0619398071113, 9
619, 152.12816106578234, 9
620, 152.20574482766511, 9
621, 152.25253937872128, 9
622, 152.1943148945929, 9
623, 152.326610768929, 9
624, 152.29517824202654, 9
625, 152.16920224329795, 9
626, 152.3755376287317, 9
627, 152.3441982674785, 9
628, 152.18661543891133, 9
629, 152.38289036099232, 9
630, 152.26406680119047, 9
631, 152.2745857909736, 9
632, 152.05358622521297, 9
633, 152.36691688789176, 9
634, 152.2856430120227, 9
635, 152.04985207596516, 9
636, 152.11944947688082, 9
637, 152.23877836048402, 9
638, 152.22182301952546, 9
639, 152.18835175356122, 9
640, 152.27215720254088, 9
641, 152.344834213487, 9
642, 152.37191630937937, 9
643, 152.13605821953277, 9
644, 152.30493447017662, 9
645, 152.2067421274833, 9
646, 152.14972597598023, 9
647, 152.02388280763847, 9
648, 152.16548928709278, 9
649, 152.33813342995674, 9
650, 152.01457656904438, 9
651, 152.1939344911803, 9
652, 152.06980631919774, 9
653, 152.2158384474599, 9
654, 152.05178072530902, 9
655, 152.24697977336015, 9
656, 152.08657947323184, 9
657, 152.09053188878448, 9
658, 152.17709673806021, 9
659, 160.21814562741113, 9
660, 160.39260894465795, 9
661, 160.49740698857858, 9
662, 166.46007130311781, 9
663, 156.86737414063936, 9
664, 162.55247243407638, 9
665, 162.89021316780313, 9
666, 162.92268857012948, 9
667, 162.76276792475937, 9
668, 169.50603712664383, 9
669, 172.24113282163688, 9
670, 172.38415933745307, 9
671, 172.54276930142998, 9
672, 172.27681147894936, 9
673, 172.30681437198012, 9
674, 172.64889407324387, 9
675, 172.48928091009773, 9
676, 172.4390001978766, 9
677, 172.11295034199165, 9
678, 172.35749561154165, 9
679, 172.48779213473253, 9
680, 172.43158928134483, 9
681, 174.2286080479105, 9
682, 174.0632003154227, 9
683, 174.36578623793386, 9
684, 174.27937450497495, 9
685, 174.13095843186014, 9
686, 174.3859632209572, 9
687, 174.42195226659373, 9
688, 174.37384648026426, 9
689, 175.15141562021606, 9
690, 181.55697291956724, 9
691, 181.44270176495877, 9
692, 181.40548286394954, 9
693, 207.37518083793785, 9
694, 207.18275547346687, 9
695, 214.57648571297187, 9
696, 211.77163002944326, 9
697, 211.8503114622982, 9
698, 212.05252071445273, 9
699, 220.03095874255933, 9
700, 219.55976516392104, 9
701, 224.6053661468655, 10
702, 224.75884085275868, 10
703, 224.445859182645, 10
704, 230.86596077782718, 10
705, 237.9491125657522, 10
706, 237.8190594895229, 10
707, 237.90569902935292, 10
708, 238.0456060466759, 10
709, 237.93840368515723, 10
710, 237.92471258809806, 10
711, 237.75687156582055, 10
712, 237.9042864951017, 10
713, 243.0768746642668, 10
714, 243.2552597971367, 10
715, 250.41310019933184, 10
716, 250.40066595479848, 10
717, 250.43055475924768, 10
718, 250.45371928198932, 10
719, 250.52562479614176, 10
720, 250.4901791507765, 10
721, 250.45003635241858, 10
722, 250.3325545197191, 10
723, 250.29311167041203, 10
724, 250.22758200957514, 10
725, 250.45256839572795, 10
726, 250.33254162398703, 10
727, 250.36716981206555, 10
728, 250.46360103462845, 10
729, 250.26133076568036, 10
730, 250.3224783412022, 10
731, 250.23495565910608, 10
732, 250.266269665864, 10
733, 250.15534666700876, 10
734, 255.5344997807367, 11
735, 255.64268300558024, 11
736, 261.12078443963594, 11
737, 260.84541069169603, 11
738, 261.12085944436427, 11
739, 261.0759284134689, 11
740, 261.0864552460208, 11
741, 260.964092010085, 11
742, 260.82038071438393, 11
743, 260.84959286959713, 11
744, 255.34233306527867, 11
745, 255.20560478553853, 11
746, 255.2711314319773, 11
747, 255.1648729845561, 11
748, 255.3545359536447, 11
749, 255.30088606096405, 11
750, 255.27340443367152, 11
751, 255.19236315594614, 11
752, 255.23361642456635, 11
753, 255.12643118196527, 11
754, 255.17566119000566, 11
755, 255.28507596100948, 11
756, 255.1663747115819, 11
757, 255.31948944310057, 11
758, 255.38220944001222, 11
759, 255.2581992572211, 11
760, 255.2483947751371, 11
761, 255.3153346256392, 11
762, 255.19409584125475, 11
763, 255.14327369484982, 11
764, 247.36484801786156, 11
765, 247.24293740705093, 11
766, 247.1826599363901, 11
767, 238.47926962691236, 10
768, 236.2223561035238, 10
769, 245.63179410557007, 11
770, 245.6841874860571, 11
771, 245.65668594693028, 11
772, 245.40216967964585, 11
773, 245.41826697563704, 11
774, 245.5531567292371, 11
775, 245.4183182410018, 11
776, 245.55928465320486, 11
777, 238.71908697241955, 11
778, 238.75751599078055, 11
779, 243.4180058482816, 11
780, 243.42000725563074, 11
781, 243.27762822219984, 11
782, 243.44644348699555, 11
783, 243.35465370358182, 11
784, 243.256595369846, 11
785, 243.4841373036706, 11
786, 243.41770228547946, 11
787, 243.20771172555763, 11
788, 243.3391533147168, 11
789, 243.18327210088555, 11
790, 243.21571725680042, 11
791, 243.3030614769064, 11
792, 243.4211216012158, 11
793, 243.26815957340082, 11
794, 238.56562194795399, 11
795, 238.34452665415333, 11
796, 238.3740479095719, 11
797, 238.35119797840915, 11
798, 238.46897193978853, 11
799, 238.35731324725728, 11
800, 238.3939097297517, 11
801, 238.4005388690921, 11
802, 238.5527559363889, 11
803, 238.29459062587418, 11
804, 238.52575466723164, 11
805, 238.47275815897532, 11
806, 238.47377237054573, 11
807, 238.3986804853584, 11
808, 238.3452915954423, 11
809, 238.42579683631152, 11
810, 238.47268826573278, 11
811, 238.42467287650766, 11
812, 238.35793082184807, 11
813, 232.5551724776175, 10
814, 232.54299892209255, 10
815, 232.4058236074058, 11
816, 232.407781063658, 11
817, 232.54193063579788, 11
818, 232.5042498906849, 11
819, 232.44142811838805, 11
820, 232.46051835296504, 11
821, 232.58439412802966, 11
822, 232.55599766391214, 11
823, 232.51030466705885, 11
824, 232.31328535629797, 11
825, 232.41293015065668, 11
826, 232.4775865672724, 11
827, 232.57202553519073, 11
828, 238.78703377134548, 11
829, 228.72136016768812, 11
830, 225.31993163915504, 11
831, 225.32777351215447, 11
832, 225.38607426757207, 11
833, 225.50393086435662, 11
834, 225.40539356137776, 11
835, 218.00868682736933, 10
836, 218.13132357213726, 10
837, 218.03776986961012, 10
838, 212.04530362491906, 10
839, 212.1500881352257, 10
840, 212.15343936089337, 10
841, 212.18735188458803, 10
842, 212.23066967933642, 10
843, 212.06597395208559, 10
844, 216.0887940538621, 11
845, 215.9540993801268, 11
846, 215.98220663267517, 11
847, 215.92152434429687, 11
848, 215.87872205901155, 11
849, 215.92738160144825, 11
850, 216.04874333529244, 11
851, 215.86986855320504, 11
852, 216.0399018081829, 11
853, 220.25582092021963, 11
854, 214.5645523840785, 11
855, 214.55824450334543, 11
856, 213.19438917569855, 11
857, 213.35523771518407, 11
858, 213.35567799139963, 11
859, 213.24023346618273, 11
860, 213.140959348289, 11
861, 217.2333960493619, 11
862, 217.20759402516904, 11
863, 217.2004707330085, 11
864, 217.13420021387424, 11
865, 217.1180771436485, 11
866, 217.0755089152391, 11
867, 217.07849636080022, 11
868, 217.12857649800426, 11
869, 217.05245346249836, 11
870, 217.1071140673046, 11
871, 217.14676121260723, 11
872, 214.20296231647225, 11
873, 224.27304648211768, 11
874, 224.41552805663724, 11
875, 229.76764655217372, 11
876, 229.8135145863994, 11
877, 229.84689372883557, 11
878, 230.14312469516503, 11
879, 229.67495663394476, 11
880, 221.50161062749424, 11
881, 221.8242995323064, 11
882, 221.72689796823903, 11
883, 221.55863301151373, 11
884, 221.5496926541836, 11
885, 221.59199206553131, 11
886, 221.45041564628798, 11
887, 221.45628041608063, 11
888, 221.58459614405442, 11
889, 227.13167861435196, 11
890, 227.2129004562637, 11
891, 227.10488589961722, 11
892, 226.7679717587539, 11
893, 226.89163141333523, 11
894, 226.74125098489603, 11
895, 226.76414225354162, 11
896, 226.83765337332363, 11
897, 226.9173898553432, 11
898, 226.93048337330123, 11
899, 226.96649600999385, 11
900, 219.3154665267816, 11
901, 219.0950897399926, 11
902, 219.27901386595448, 11
903, 219.08911368325732, 11
904, 224.24276924566203, 11
905, 224.21389917464757, 11
906, 224.19285272843203, 11
907, 224.109354659652, 11
908, 224.30613262529812, 11
909, 224.31746414978778, 11
910, 224.44915736527525, 11
911, 224.302418841664, 11
912, 224.32152755372644, 11
913, 224.1389697304473, 11
914, 224.26922715940248, 11
915, 224.4734676462134, 11
916, 224.1845632405536, 11
917, 216.96853865206847, 11
918, 212.06241464615988, 11
919, 223.96098757956202, 11
920, 223.85437674466075, 11
921, 223.57976920568416, 11
922, 223.78577581349512, 11
923, 223.71274887168374, 11
924, 223.66355953126688, 11
925, 223.7171705420508, 11
926, 223.62957595948677, 11
927, 223.76422721910373, 11
928, 223.8011978280459, 11
929, 223.49980637269283, 11
930, 218.79756199547637, 11
931, 218.81390773019953, 11
932, 218.56747092173194, 11
933, 218.7394658073256, 11
934, 217.88767288028885, 11
935, 217.9762927383034, 11
936, 217.9818331478691, 11
937, 218.00627252708986, 11
938, 217.87567560823757, 11
939, 217.89586074556098, 11
940, 217.99062973780275, 11
941, 217.92291310054065, 11
942, 217.86750708174938, 11
943, 218.00405462525092, 11
944, 218.08038537651035, 11
945, 231.15861061854795, 11
946, 241.9257688273295, 11
947, 245.71233788887378, 11
948, 245.85413263258187, 11
949, 245.69458641203968, 11
950, 245.70224482512958, 11
951, 245.70427849197134, 11
952, 249.63142361913134, 11
953, 254.69469917987513, 11
954, 254.65416470325457, 11
955, 254.6157381222852, 11
956, 252.5560757726062, 11
957, 252.56076009584, 11
958, 252.4822114546051, 11
959, 252.41683650090016, 11
960, 255.29579460276588, 11
961, 255.21282762816446, 11
962, 255.16545612533878, 11
963, 255.32453128726613, 11
964, 255.36213536535712, 11
965, 255.29390430993286, 11
966, 255.1719038002572, 11
967, 255.32589703338695, 11
968, 255.255929773101, 11
969, 255.1652501284531, 11
970, 255.13285320215928, 11
971, 255.13730781394696, 11
972, 255.17079789002, 11
973, 255.2852106218721, 11
974, 255.18852269767703, 11
975, 259.45537033317447, 11
976, 259.27334964963154, 11
977, 259.4494089728549, 11
978, 259.3635435293702, 11
979, 259.4669802670661, 11
980, 259.471907268997, 11
981, 257.3200506709947, 11
982, 257.3896826889891, 11
983, 262.18157635662004, 11
984, 262.2358909851197, 11
985, 262.1940338619933, 11
986, 262.23395160460734, 11
987, 262.0860030150047, 11
988, 262.14786960486083, 11
989, 262.15702030151147, 11
990, 262.06084379332015, 11
991, 262.24874047640486, 11
992, 266.4260409656986, 12
993, 266.4535263844133, 12
994, 266.3573693452755, 12
995, 266.31089417259113, 12
996, 266.31849759553376, 12
997, 266.32371444588205, 12
998, 270.9864572263512, 13
999, 270.8170736122183, 13
1000, 270.88771361089476, 13
1001, 270.82529442885004, 13
1002, 270.824869247171, 13
1003, 270.83336667958304, 13
1004, 270.91970249285964, 13
1005, 270.8281387804074, 13
1006, 270.82639015165654, 13
1007, 270.8722155250325, 13
1008, 270.8823814322597, 13
1009, 270.80311860351344, 13
1010, 270.87969184265785, 13
1011, 270.8297475054678, 13
1012, 270.8911570297048, 13
1013, 270.9045150772273, 13
1014, 270.9211090202931, 13
1015, 270.795531505648, 13
1016, 270.81978563336673, 13
1017, 269.26689377399407, 13
1018, 269.28881493733354, 13
1019, 269.3958410969486, 13
1020, 269.3231515165951, 13
1021, 269.2978127167264, 13
1022, 269.3257078076086, 13
1023, 269.3501619656314, 13
1024, 269.3540172535585, 13
1025, 269.43503728553037, 13
1026, 269.34667820262604, 13
1027, 269.323042952645, 13
1028, 274.2273700095742, 13
1029, 274.284563960928, 13
1030, 274.232000601975, 13
1031, 274.22915313800627, 13
1032, 274.2557678285632, 13
1033, 274.2410736224971, 13
1034, 274.1992714965002, 13
1035, 274.33130329190317, 13
1036, 274.2964019914832, 13
1037, 274.32262613002973, 13
1038, 274.2391031382226, 13
1039, 274.1694535909264, 13
1040, 274.2083425049516, 13
1041, 274.3089150895823, 13
1042, 274.2594660039101, 13
1043, 274.29076530522013, 13
1044, 274.19936451148544, 13
1045, 274.2375800414471, 13
1046, 274.305827768097, 13
1047, 274.2325624634034, 13
1048, 274.25208796001624, 13
1049, 274.3009306807329, 13
1050, 274.22446812205817, 13
1051, 274.17900496470935, 13
1052, 274.2487730345208, 13
1053, 274.2311815311942, 13
1054, 274.17979561581046, 13
1055, 274.1672240056306, 13
1056, 274.3093803560808, 13
1057, 274.2378870410766, 13
1058, 274.26908593418375, 13
1059, 274.25792903242655, 13
1060, 274.28883549935455, 13
1061, 274.2398337640425, 13
1062, 274.2242990085863, 13
1063, 274.2629979038324, 13
1064, 274.2744446427238, 13
1065, 274.2240858460045, 13
1066, 274.2900596360482, 13
1067, 274.1843004303328, 13
1068, 274.21753413861694, 13
1069, 274.2556539417575, 13
1070, 274.1912444340317, 13
1071, 274.16902222882794, 13
1072, 274.21485061652015, 13
1073, 274.2337692362284, 13
1074, 274.16886464568245, 13
1075, 274.2712542340576, 13
1076, 274.27377187540225, 13
1077, 274.1699384856813, 13
1078, 274.1613109289765, 13
1079, 274.22749276554697, 13
1080, 274.2015074525284, 13
1081, 274.1571412041142, 13
1082, 274.2250055678414, 13
1083, 274.20573955940165, 13
1084, 274.22703656866395, 13
1085, 274.2115895175927, 13
1086, 274.134061408869, 13
1087, 274.1624535101216, 13
1088, 274.2743240527797, 13
1089, 274.18199379437635, 13
1090, 274.21011553476666, 13
1091, 274.1678466276973, 13
1092, 274.1972880151928, 13
1093, 274.20353466463655, 13
1094, 274.1795782964665, 13
1095, 274.21075102002277, 13
1096, 274.19066141768684, 13
1097, 274.1219889871156, 13
1098, 274.2190370235659, 13
1099, 279.066149923264, 14
1100, 279.06403995204806, 14
1101, 278.9773783550544, 14
1102, 279.0047765635104, 14
1103, 279.1141548485893, 14
1104, 279.00770757410214, 14
1105, 279.08220570243543, 14
1106, 279.0150052470995, 14
1107, 278.9883129555404, 14
1108, 279.0380944108561, 14
1109, 279.01248553214185, 14
1110, 278.935820117304, 14
1111, 278.949806637812, 14
1112, 279.05425100304075, 14
1113, 278.99292805820346, 14
1114, 278.9861504786357, 14
1115, 278.96176184999354, 14
1116, 278.9266431895854, 14
1117, 278.97304489474806, 14
1118, 279.0459353922562, 14
1119, 278.9254446523414, 14
1120, 279.0428309471195, 14
1121, 279.00632008348487, 14
1122, 279.0520907085832, 14
1123, 278.926208850519, 14
1124, 278.9440598167507, 14
1125, 278.97636021418504, 14
1126, 279.0339165945224, 14
1127, 279.0446089494504, 14
1128, 278.9908945148914, 14
1129, 278.93926844233596, 14
1130, 278.9800817616222, 14
1131, 278.9749005880861, 14
1132, 278.92690630822756, 14
1133, 278.9794699480209, 14
1134, 279.0191436213289, 14
1135, 278.960838617744, 14
1136, 279.0365925912344, 14
1137, 278.9376573625322, 14
1138, 278.93076724590225, 14
1139, 278.9358635035008, 14
1140, 278.9404550831871, 14
1141, 278.953326915549, 14
1142, 278.9782828148175, 14
1143, 278.9223167681597, 14
1144, 278.91324021556665, 14
1145, 278.99128428682104, 14
1146, 290.0336741830532, 14
1147, 289.9451925311019, 14
1148, 289.7352996166695, 14
1149, 289.84931532744537, 14
1150, 289.920613196134, 14
1151, 289.9630869510352, 14
1152, 289.8323113119053, 14
1153, 298.760762033746, 14
1154, 298.821626898507, 14
1155, 298.58670747115445, 14
1156, 298.64141858953633, 14
1157, 294.66154160689626, 14
1158, 294.704543296583, 14
1159, 294.608498869821, 14
1160, 294.701706413529, 14
1161, 297.66602293200526, 14
1162, 297.43770954458626, 14
1163, 297.49364529241336, 14
1164, 297.6491804575472, 14
1165, 297.7570584460863, 14
1166, 305.8825783320449, 14
1167, 311.8788593221917, 14
1168, 311.9202919735273, 14
1169, 311.75177800057793, 14
1170, 311.80086490445825, 14
1171, 316.81992625504944, 14
1172, 316.75832042881603, 14
1173, 319.5301330483804, 14
1174, 325.70277332533936, 14
1175, 315.9393218412497, 14
1176, 315.9866228659174, 14
1177, 321.8169445756696, 14
1178, 321.69337156602904, 14
1179, 321.6815136047508, 14
1180, 321.68401100756284, 14
1181, 330.1464418211433, 14
1182, 330.3607588734675, 14
1183, 330.2037387326056, 14
1184, 335.1230269875457, 13
1185, 334.9916413667967, 13
1186, 334.9763165357217, 13
1187, 339.23688268198055, 13
1188, 343.7541482546181, 14
1189, 343.81461311320055, 14
1190, 334.2282776182604, 14
1191, 334.36472119897485, 14
1192, 334.26019051191383, 14
1193, 334.18867202111755, 14
1194, 334.22561059355064, 14
1195, 334.2346304616753, 14
1196, 334.1981983578246, 14
1197, 334.08882538256137, 14
1198, 331.0578107768555, 14
1199, 348.62286095331126, 14
1200, 348.66640733504914, 14
1201, 348.7663669301841, 14
1202, 348.6326341802329, 14
1203, 366.5652649678301, 14
1204, 375.6803769090004, 14
1205, 386.5536436079648, 14
1206, 386.7707063669445, 14
1207, 386.6121907747423, 14
1208, 395.50705325274635, 14
1209, 395.6372144721885, 14
1210, 406.12156230236974, 14
1211, 406.089494977385, 14
1212, 406.1287687554121, 14
1213, 406.03841603663284, 14
1214, 405.9515076612605, 14
1215, 406.0504855044245, 14
1216, 405.81808609373695, 14
1217, 405.8960802843417, 14
1218, 399.90890324419536, 14
1219, 404.86665159508027, 14
1220, 395.4093401729282, 14
1221, 395.14067503258525, 14
1222, 395.2359448171628, 14
1223, 395.33443666457015, 14
1224, 395.1935667397364, 14
1225, 395.20118028332865, 14
1226, 395.212307193842, 14
1227, 395.2719420611304, 14
1228, 392.7855091385969, 14
1229, 386.29848130865514, 14
1230, 390.1563000835595, 14
1231, 390.1502201943633, 14
1232, 394.9900465709113, 14
1233, 395.2723058881687, 14
1234, 395.03364540128473, 14
1235, 395.09112387489074, 14
1236, 395.0504951282487, 14
1237, 394.915987438805, 14
1238, 386.94965916353624, 14
1239, 387.0110518589819, 14
1240, 391.59741922984495, 15
1241, 391.6555559890047, 15
1242, 391.64718083334765, 15
1243, 391.60283864882535, 15
1244, 391.38493799181344, 15
1245, 391.5696178004529, 15
1246, 391.4937826167089, 15
1247, 391.3813323450362, 15
1248, 391.5445928316482, 15
1249, 396.6329039591236, 15
1250, 396.6827027174288, 15
1251, 396.8576527272942, 15
1252, 396.91501087539143, 15
1253, 401.6706058278062, 15
1254, 401.8061508685381, 15
1255, 401.8906291229939, 15
1256, 401.89912726428156, 15
1257, 401.88852419156956, 15
1258, 401.6599880423298, 15
1259, 405.76360027910994, 15
1260, 411.4202815055646, 15
1261, 411.34665557965536, 15
1262, 409.05481975961015, 15
1263, 408.96514521097026, 15
1264, 408.9698882262488, 15
1265, 387.6945095680324, 15
1266, 387.4197344257178, 15
1267, 392.73136031156196, 15
1268, 392.57215844923087, 15
1269, 392.62078294590054, 15
1270, 397.99004851786344, 15
1271, 397.61354257208524, 15
1272, 397.8299588861317, 15
1273, 398.08704394550784, 15
1274, 393.21437568052426, 15
1275, 393.05132529951794, 15
1276, 393.0627814868375, 15
1277, 393.02828439311526, 15
1278, 392.88414933821167, 15
1279, 392.87828785284444, 15
1280, 393.0145738530193, 15
1281, 385.93126080321156, 15
1282, 389.92273270399426, 15
1283, 384.4898786722759, 15
1284, 384.50656108496236, 15
1285, 381.744159583225, 15
1286, 386.5071355908107, 15
1287, 379.83490576653566, 14
1288, 379.84246151687245, 14
1289, 379.72847423170396, 14
1290, 379.8507870807264, 14
1291, 379.8513968490094, 14
1292, 379.84925148330336, 14
1293, 379.92124566155763, 14
1294, 379.7664638291345, 14
1295, 393.5587087902737, 14
1296, 393.3578365592733, 14
1297, 393.2802779954059, 14
1298, 393.31930288425013, 14
1299, 393.3118486634479, 14
1300, 397.36005691758254, 14
1301, 397.36326698319067, 14
1302, 397.2891528968988, 14
1303, 397.3834609426155, 14
1304, 397.37926183772595, 14
1305, 397.46753268686376, 14
1306, 397.4285859466388, 14
1307, 402.2834869935357, 14
1308, 402.46340861616903, 14
1309, 400.83247739374127, 14
1310, 406.140436091095, 14
1311, 406.053955093858, 14
1312, 414.61455086607015, 15
1313, 407.32829040024654, 15
1314, 405.3404549602246, 15
1315, 405.273318075551, 15
1316, 405.1595846926961, 15
1317, 399.85263503458975, 15
1318, 399.8760129343313, 15
1319, 399.81768809143074, 15
1320, 399.83444999118336, 15
1321, 399.69926940885716, 15
1322, 403.76042466647465, 15
1323, 403.72746211646535, 15
1324, 403.6766625305013, 15
1325, 403.642325177883, 15
1326, 403.69673871642846, 15
1327, 403.42365681014763, 15
1328, 403.52309695009745, 15
1329, 403.6464728401625, 15
1330, 403.58770821337873, 15
1331, 407.351874564854, 15
1332, 407.2310530923306, 15
1333, 411.25866152031375, 15
1334, 416.3490769051745, 15
1335, 416.3053246499534, 15
1336, 416.3223913726835, 15
1337, 409.11035194574987, 15
1338, 409.140143604269, 15
1339, 409.1201537040016, 15
1340, 409.2444641303872, 15
1341, 409.20005611484635, 15
1342, 409.2286842134715, 15
1343, 409.17661219887395, 15
1344, 409.13120291085414, 15
1345, 413.2690555436907, 15
1346, 423.6332305925413, 15
1347, 429.18360938666916, 15
1348, 428.94379395548515, 15
1349, 428.9233059569004, 15
1350, 428.47130194032167, 15
1351, 428.6392582906149, 15
1352, 433.36685080544686, 16
1353, 433.1182293753215, 16
1354, 433.20424462406737, 16
1355, 433.1410175610761, 16
1356, 433.14528499065943, 16
1357, 433.3366182789172, 16
1358, 433.18988811052304, 16
1359, 433.1713653931993, 16
1360, 433.0807462455472, 16
1361, 429.3689656612995, 16
1362, 429.4283945892369, 16
1363, 439.2875561421608, 16
1364, 449.7333370221044, 16
1365, 449.67382825037674, 16
1366, 449.4650437745566, 16
1367, 449.512540434726, 16
1368, 449.51384351077314, 16
1369, 449.41473422381017, 16
1370, 449.52234060797673, 16
1371, 443.9711148061066, 16
1372, 444.070814363916, 16
1373, 443.8375533454863, 16
1374, 447.9561102936229, 16
1375, 447.9024479668762, 16
1376, 447.8956492075297, 16
1377, 447.85781340013, 16
1378, 447.95497372417174, 16
1379, 447.93850695495604, 16
1380, 435.3865425707701, 16
1381, 435.37894965481576, 16
1382, 435.440790521485, 16
1383, 439.65308904735525, 16
1384, 439.40498100420825, 16
1385, 439.6403493684871, 16
1386, 439.6163494816433, 16
1387, 439.5210558101992, 16
1388, 439.68544605852634, 16
1389, 439.5346024534637, 16
1390, 439.5678689259524, 16
1391, 439.5843728366638, 16
1392, 439.5270271899614, 16
1393, 439.66176111441064, 16
1394, 444.90752018428344, 16
1395, 444.74213204250646, 16
1396, 444.7257177922295, 16
1397, 444.7755688813443, 16
1398, 444.8145616016765, 16
1399, 444.7876192212877, 16
1400, 444.6238680016634, 16
1401, 444.4857066886831, 16
1402, 444.723527906933, 16
1403, 444.8195808173805, 16
1404, 444.77238474227096, 16
1405, 444.8607486480046, 16
1406, 449.74004649812343, 17
1407, 449.74221813240246, 17
1408, 449.6036830233046, 17
1409, 443.9408801919708, 17
1410, 448.20620518526806, 17
1411, 442.75002663889484, 17
1412, 442.96605086054257, 17
1413, 442.84516260810176, 17
1414, 435.27997771471087, 17
1415, 435.2449327005249, 17
1416, 435.3607117786148, 17
1417, 435.2314201474391, 17
1418, 433.1016764943868, 17
1419, 433.04709403058376, 17
1420, 433.07654148628893, 17
1421, 433.1429189779091, 17
1422, 433.1969847352995, 17
1423, 428.07229769281645, 17
1424, 427.922513875215, 17
1425, 428.0702079484011, 17
1426, 427.86350350042375, 17
1427, 428.07245186785184, 17
1428, 427.93507678997213, 17
1429, 428.02535472635026, 17
1430, 428.05657188512356, 17
1431, 427.998189098738, 17
1432, 427.8006396199824, 17
1433, 427.7999695131837, 17
1434, 427.9327213677565, 17
1435, 432.92167906958224, 17
1436, 438.1687502751445, 18
1437, 438.2971687319134, 18
1438, 438.04165739845087, 18
1439, 438.0298906293332, 18
1440, 438.16146642952356, 18
1441, 436.92289916436664, 18
1442, 436.97010482537155, 18
1443, 436.99656597726073, 18
1444, 437.01822564075974, 18
1445, 446.72919162684326, 18
1446, 446.87530988900744, 18
1447, 446.81229519109803, 18
1448, 446.81734001987013, 18
1449, 452.1614022255647, 18
1450, 456.010116655338, 18
1451, 456.0184193357212, 18
1452, 456.0901670909308, 18
1453, 456.0859152588582, 18
1454, 456.01911016029925, 18
1455, 456.0501805519407, 18
1456, 456.1195303860612, 18
1457, 456.1374499402165, 18
1458, 451.05989736823756, 18
1459, 451.0982523752019, 18
1460, 451.0105327345258, 18
1461, 456.20716543026583, 18
1462, 448.8105382731501, 18
1463, 448.92583570531986, 18
1464, 448.9066946425929, 18
1465, 448.89061661275446, 18
1466, 448.85169037341325, 18
1467, 448.8965721112012, 18
1468, 452.5035258103917, 18
1469, 452.471800753696, 18
1470, 452.491343007885, 18
1471, 452.5670083883683, 18
1472, 452.56510694980614, 18
1473, 452.58877010981473, 18
1474, 452.5617265921022, 18
1475, 457.60136389526457, 18
1476, 467.382493794539, 18
1477, 468.11078909290865, 18
1478, 472.2441702797984, 18
1479, 472.70494429248475, 18
1480, 472.5491937800738, 18
1481, 472.52601591307774, 18
1482, 472.5060306041531, 18
1483, 477.5862479980432, 19
1484, 477.87849478256516, 19
1485, 477.73759256558924, 19
1486, 477.8923065421705, 19
1487, 483.30690817302224, 19
1488, 486.5256102837817, 19
1489, 491.52600033360045, 19
1490, 484.11203050047635, 19
1491, 488.08872071564184, 19
1492, 483.0446844793978, 19
1493, 486.7897586325486, 19
1494, 486.72880930855035, 19
1495, 486.71505671932806, 19
1496, 486.8937430557089, 19
1497, 486.6934312786789, 19
1498, 491.7592902205255, 19
1499, 484.5493115987662, 19
1500, 489.46267074777705, 19
1501, 489.49605522198857, 19
1502, 489.63075062477475, 19
1503, 488.2274329990052, 19
1504, 481.200132751309, 19
1505, 481.2693569797332, 19
1506, 481.255024805122, 19
1507, 481.2553279799553, 19
1508, 481.30444088508665, 19
1509, 474.5756984155025, 19
1510, 478.87692380851036, 19
1511, 478.7775659366363, 19
1512, 478.7984954324788, 19
1513, 478.8623248413661, 19
1514, 478.75424128405484, 19
1515, 478.727116709191, 19
1516, 478.7892604435543, 19
1517, 481.1529669920291, 19
1518, 481.23977671824736, 19
1519, 481.1538454102725, 19
1520, 481.1671135364157, 19
1521, 481.2413268226276, 19
1522, 481.1317869895192, 19
1523, 481.1518598990718, 19
1524, 481.1911390542043, 19
1525, 481.13580520548135, 19
1526, 481.1950349848876, 19
1527, 479.22824636431255, 19
1528, 479.2236224454506, 19
1529, 479.21681087520767, 19
1530, 479.2700610186352, 19
1531, 479.2257751711966, 19
1532, 479.315823931276, 19
1533, 479.1891836515583, 19
1534, 483.92286270056667, 19
1535, 483.9397328691602, 19
1536, 483.99787552135786, 19
1537, 483.88765537321893, 19
1538, 483.9795262502764, 19
1539, 481.35926026608087, 19
1540, 481.16082913735875, 19
1541, 481.2016301298547, 19
1542, 474.7918127880538, 19
1543, 480.1097546256996, 20
1544, 480.0484408295672, 20
1545, 475.1953508996847, 20
1546, 475.30720634737196, 20
1547, 475.2836466529717, 20
1548, 475.34649285872, 20
1549, 475.1968695587949, 20
1550, 475.2420592682804, 20
1551, 475.19990890812727, 20
1552, 475.31147514639133, 20
1553, 475.19819500876997, 20
1554, 475.2441013231203, 20
1555, 478.97342179741673, 20
1556, 478.9324881419655, 20
1557, 478.92761181327336, 20
1558, 478.91194181959884, 20
1559, 478.9698138997916, 20
1560, 478.92432867432666, 20
1561, 483.521836946456, 20
1562, 483.47607706493017, 20
1563, 483.51400568398265, 20
1564, 483.45346116759765, 20
1565, 483.4547684172831, 20
1566, 483.524301680845, 20
1567, 483.60106102602913, 20
1568, 483.4534777653399, 20
1569, 483.4842157650809, 20
1570, 488.2394768404029, 21
1571, 480.7156369203708, 20
1572, 480.76718966452233, 20
1573, 480.73762360447, 20
1574, 480.7218760839602, 20
1575, 480.716760652649, 20
1576, 480.8015709238292, 20
1577, 480.7474905820822, 20
1578, 480.67262962409865, 20
1579, 480.687527687342, 20
1580, 480.6546157952452, 20
1581, 480.7002279415188, 20
1582, 484.41679572486584, 21
1583, 484.33526420666897, 21
1584, 484.38913182499573, 21
1585, 484.9060795721747, 20
1586, 484.8903790679077, 20
1587, 484.80206192896657, 20
1588, 494.9048883310776, 20
1589, 494.99506525245164, 20
1590, 494.87864637634635, 20
1591, 495.0726126228941, 20
1592, 488.59310009441896, 20
1593, 493.2473668005392, 20
1594, 493.08508876451674, 20
1595, 493.12227074649695, 20
1596, 498.8550775382108, 20
1597, 498.8098372055699, 20
1598, 498.7906179016056, 20
1599, 498.68801244015947, 20
1600, 498.8337204761051, 20
1601, 498.74994072518837, 20
1602, 498.65711931633786, 20
1603, 498.806810348546, 20
1604, 503.3110215684862, 20
1605, 503.3164286513824, 20
1606, 502.17110542905374, 20
1607, 497.45848367369837, 20
1608, 501.14435192371513, 20
1609, 504.66011434631565, 20
1610, 504.7009530734318, 20
1611, 504.7616962578965, 20
1612, 504.7517066207076, 20
1613, 504.6921349204841, 20
1614, 504.67211650243047, 20
1615, 504.7357508339621, 20
1616, 513.5708317879095, 21
1617, 513.5953715536311, 21
1618, 513.5555089599044, 21
1619, 508.60302663319527, 21
1620, 508.6892552652901, 21
1621, 508.57132451524427, 21
1622, 508.75140414918764, 21
1623, 508.67968846314847, 21
1624, 508.684969721228, 21
1625, 508.555675505101, 21
1626, 508.7041964021318, 21
1627, 508.729300912739, 21
1628, 512.4216033509736, 21
1629, 505.7380703696797, 21
1630, 505.78016662219966, 21
1631, 505.7672007549255, 21
1632, 505.8025265402632, 21
1633, 505.6780308951512, 21
1634, 505.736738264736, 21
1635, 498.45176129489863, 20
1636, 508.0506281287353, 21
1637, 508.0240205041256, 21
1638, 507.89363133553, 21
1639, 501.5343624216738, 21
1640, 501.6610078367879, 21
1641, 501.71788498173987, 21
1642, 501.5145620832079, 21
1643, 501.63018287115176, 21
1644, 501.53820418565124, 21
1645, 501.6260434726694, 21
1646, 505.2304590368954, 21
1647, 505.17836038043384, 21
1648, 515.6851285093696, 21
1649, 515.7104944521353, 21
1650, 515.6006257857249, 21
1651, 515.675782758541, 21
1652, 521.3424059316856, 21
1653, 521.3610547265198, 21
1654, 521.3416279852122, 21
1655, 521.3323516194741, 21
1656, 521.2828255828588, 21
1657, 521.3513285578501, 21
1658, 521.3800506407053, 21
1659, 521.3459627180822, 21
1660, 521.3259987241611, 21
1661, 521.297431171214, 21
1662, 521.4012086588967, 21
1663, 521.2611640574663, 21
1664, 521.2845496511089, 21
1665, 521.3804205195798, 21
1666, 525.84152703599, 21
1667, 530.5137084692706, 21
1668, 530.482458817683, 21
1669, 534.239858591409, 21
1670, 534.2107496186775, 21
1671, 534.1786502270063, 21
1672, 534.2671726169106, 21
1673, 534.1478715162546, 21
1674, 534.2094763283068, 21
1675, 534.2182093516973, 21
1676, 534.1998662052838, 21
1677, 534.2088733950758, 21
1678, 539.2466276032407, 22
1679, 539.2739276334464, 22
1680, 539.3158487267106, 22
1681, 539.249968994868, 22
1682, 539.2976107800661, 22
1683, 539.0796690777236, 22
1684, 542.7445793666537, 22
1685, 542.7955132290019, 22
1686, 542.6952047974409, 22
1687, 547.9422547650634, 23
1688, 548.0026761401818, 23
1689, 548.0156622329547, 23
1690, 543.2574764033034, 23
1691, 543.1785238805782, 23
1692, 543.2378026232639, 23
1693, 543.1525378957217, 23
1694, 543.1572785066845, 23
1695, 543.2084403905858, 23
1696, 543.1248920645085, 23
1697, 543.1516621755505, 23
1698, 543.1533524926353, 23
1699, 543.1302670070576, 23
1700, 538.5740440364459, 23
1701, 538.5920252531594, 23
1702, 538.5151082782464, 23
1703, 538.5606686704032, 23
1704, 538.5474943146086, 23
1705, 538.5634873864069, 23
1706, 538.5523054725611, 23
1707, 538.5022404410719, 23
1708, 542.0491967706123, 23
1709, 542.0402116814315, 23
1710, 542.0848238489174, 23
1711, 542.0066200002668, 23
1712, 542.1145965237417, 23
1713, 542.036289590964, 23
1714, 546.8473572932938, 23
1715, 546.8226860880586, 23
1716, 546.7749458823106, 23
1717, 546.7850382151292, 23
1718, 555.257871606298, 23
1719, 555.1369611061913, 23
1720, 555.1421574784747, 23
1721, 556.6253569891269, 23
1722, 556.6959223114056, 23
1723, 562.0498315606909, 24
1724, 561.972578886522, 24
1725, 561.8559657864981, 24
1726, 561.8409320843484, 24
1727, 562.0339646480127, 24
1728, 562.0036333308727, 24
1729, 554.1031072945686, 24
1730, 559.0050890105317, 24
1731, 559.0635328383134, 24
1732, 558.9921344053384, 24
1733, 558.951393966332, 24
1734, 567.7991432295446, 24
1735, 567.7223420131102, 24
1736, 572.4404231519406, 24
1737, 572.5625372230181, 24
1738, 563.4549459186128, 24
1739, 563.304203181304, 24
1740, 563.2760075698202, 24
1741, 559.8670980714257, 24
1742, 559.685068094466, 24
1743, 559.6199493188894, 24
1744, 563.9186963033628, 24
1745, 563.9324931119634, 24
1746, 564.0089769757055, 24
1747, 555.2435992113262, 24
1748, 555.4004133187207, 24
1749, 555.2200822113971, 24
1750, 555.4446457790493, 24
1751, 555.2338518788106, 24
1752, 555.2735097125724, 24
1753, 555.2285153143864, 24
1754, 560.0403020721301, 24
1755, 553.4504412288416, 24
1756, 553.364967774357, 24
1757, 553.3299187365126, 24
1758, 553.4710152435653, 24
1759, 553.4656669274082, 24
1760, 553.512647358298, 24
1761, 553.4407738988814, 24
1762, 553.4643345965055, 24
1763, 553.4198910604148, 24
1764, 553.4315156078401, 24
1765, 553.4519146995754, 24
1766, 551.7591297437484, 24
1767, 556.7676883756367, 24
1768, 556.9475585118587, 24
1769, 556.8561920178754, 24
1770, 556.8131761859481, 24
1771, 557.0469238658761, 24
1772, 556.8415220208744, 24
1773, 556.893021783683, 24
1774, 562.4614445953086, 25
1775, 562.4012583730473, 25
1776, 562.3715907241617, 25
1777, 562.3826912178429, 25
1778, 562.4774727038921, 25
1779, 562.3907875037353, 25
1780, 562.4398120330652, 25
1781, 562.3300801306348, 25
1782, 562.4700395466507, 25
1783, 562.4490361046046, 25
1784, 562.3381456166344, 25
1785, 555.6879753783396, 25
1786, 555.6620908370462, 25
1787, 555.6655338134578, 25
1788, 560.1240785961584, 25
1789, 553.3633952488838, 25
1790, 553.2703757449003, 25
1791, 553.4449216985786, 25
1792, 553.1541049156631, 25
1793, 553.2584957092977, 25
1794, 553.2103464341135, 25
1795, 553.3428319453144, 25
1796, 553.394359019112, 25
1797, 557.7887486366731, 25
1798, 557.9200101578497, 25
1799, 557.8437678833225, 25
1800, 559.0661967320791, 25
1801, 559.122921260194, 25
1802, 547.0597596201275, 25
1803, 547.0321561674401, 25
1804, 542.9603374099498, 25
1805, 542.9942871999654, 25
1806, 548.6981568902276, 26
1807, 548.4617024734779, 26
1808, 548.7756580334486, 26
1809, 548.5943001030196, 26
1810, 551.6156068106174, 26
1811, 551.5691017644318, 26
1812, 555.3126227318755, 26
1813, 555.3438404576517, 26
1814, 555.4417269612271, 26
1815, 555.3842531523951, 26
1816, 555.3820466346284, 26
1817, 555.2686738398177, 26
1818, 555.321973200515, 26
1819, 555.3112496763084, 26
1820, 555.3742793394439, 26
1821, 555.2761160536937, 26
1822, 555.2602140790365, 26
1823, 555.352999754724, 26
1824, 555.3747131181947, 26
1825, 555.2592475393377, 26
1826, 555.440620826891, 26
1827, 555.3039327477361, 26
1828, 555.2999478588667, 26
1829, 555.3859225976473, 26
1830, 555.3316086703176, 26
1831, 555.3803716420638, 26
1832, 555.3162039406641, 26
1833, 555.3531915287658, 26
1834, 555.423045788984, 26
1835, 555.2665663372522, 26
1836, 555.4427836191072, 26
1837, 555.3418310573879, 26
1838, 555.4730195580585, 26
1839, 555.371580988654, 26
1840, 555.3427793948254, 26
1841, 565.5768414053529, 26
1842, 565.6351720963361, 26
1843, 565.4893308611373, 26
1844, 565.4533991278801, 26
1845, 565.4829276176177, 26
1846, 565.4135915294515, 26
1847, 565.3723323334234, 26
1848, 565.3702511193729, 26
1849, 565.3186240800326, 26
1850, 565.4423586559284, 26
1851, 565.2261767294972, 26
1852, 565.2513385834819, 26
1853, 570.9620004745927, 26
1854, 570.9799833488456, 26
1855, 562.3485077222584, 25
1856, 562.2423944588835, 25
1857, 562.3204200331269, 25
1858, 562.4147055562248, 25
1859, 562.2916375023583, 25
1860, 561.8690202769619, 25
1861, 561.8222601339642, 25
1862, 561.8408470320526, 25
1863, 561.804262527683, 25
1864, 565.5808562853086, 25
1865, 565.5730814082584, 25
1866, 568.5044241349244, 25
1867, 568.5472427479823, 25
1868, 572.8476372487293, 26
1869, 566.6483958062977, 26
1870, 566.685461608466, 26
1871, 566.7036436887803, 26
1872, 566.5558720582866, 26
1873, 566.6616317225568, 26
1874, 566.6844107875407, 26
1875, 566.6309005251202, 26
1876, 566.6381735824499, 26
1877, 566.6465401293842, 26
1878, 566.5219113071278, 26
1879, 566.6452478079673, 26
1880, 566.6791277577985, 26
1881, 566.5548255005352, 26
1882, 566.5961238091655, 26
1883, 566.5659731707076, 26
1884, 566.6424703564603, 26
1885, 566.5819206413088, 26
1886, 566.710841829693, 26
1887, 566.5801674833822, 26
1888, 566.5466535253303, 26
1889, 566.5325690779631, 26
1890, 566.628862421409, 26
1891, 566.617797114132, 26
1892, 566.5915347968257, 26
1893, 573.3095566343042, 26
1894, 573.2137462860774, 26
1895, 573.4368305185607, 26
1896, 583.350814706713, 26
1897, 583.2833287284603, 26
1898, 583.3246573180228, 26
1899, 589.0732040871302, 26
1900, 585.6951319984898, 26
1901, 585.7338970445722, 26
1902, 585.6867552100807, 26
1903, 585.6995808328467, 26
1904, 585.719213812618, 26
1905, 585.7035516992684, 26
1906, 585.6161068907118, 26
1907, 590.2201585211799, 26
1908, 583.9651973738933, 26
1909, 583.9671017611171, 26
1910, 584.0183589100958, 26
1911, 588.2215138679306, 26
1912, 587.9951031339801, 26
1913, 588.2142874361857, 26
1914, 587.9887407928538, 26
1915, 588.1861765368807, 26
1916, 592.5892079896034, 26
1917, 592.5203446883415, 26
1918, 592.4543090689086, 26
1919, 589.3712626229939, 26
1920, 588.5877655748546, 26
1921, 588.5161689458566, 26
1922, 588.5681482646722, 26
1923, 584.0313629681276, 26
1924, 587.2762579538282, 26
1925, 575.1444595305119, 26
1926, 575.0701964421582, 26
1927, 575.1076609957862, 26
1928, 584.1498393453966, 27
1929, 584.0703092165835, 27
1930, 583.9721006273252, 27
1931, 584.060779929159, 27
1932, 583.047510834485, 27
1933, 583.162982453258, 27
1934, 593.2348684542753, 27
1935, 598.7076227006244, 27
1936, 598.5338061990972, 27
1937, 598.6108784708837, 27
1938, 598.6508164774505, 27
1939, 598.5713093574483, 27
1940, 598.6059272525197, 27
1941, 598.6995755758117, 27
1942, 598.5634722262314, 27
1943, 598.631145799988, 27
1944, 601.5742214831021, 27
1945, 601.5294716170166, 27
1946, 601.5063675350003, 27
1947, 601.634667206841, 27
1948, 601.5505887361105, 27
1949, 606.8986137114879, 27
1950, 606.7979614542871, 27
1951, 606.9286956436708, 27
1952, 606.8184964116181, 27
1953, 606.8476124626304, 27
1954, 606.8626020614987, 27
1955, 606.9256494787685, 27
1956, 607.0351172791763, 27
1957, 606.9666730075246, 27
1958, 606.9533670666214, 27
1959, 606.92202413641, 27
1960, 609.6570016862917, 27
1961, 609.6688486318341, 27
1962, 604.1089097845988, 27
1963, 607.6368987379108, 27
1964, 607.5804928848584, 27
1965, 607.5159157131296, 27
1966, 607.5595408490792, 27
1967, 607.6290748378018, 27
1968, 607.5996805516327, 27
1969, 607.6006138033778, 27
1970, 607.6350533265946, 27
1971, 607.5920768877373, 27
1972, 607.6176686633698, 27
1973, 612.15583383455, 27
1974, 612.2537102743983, 27
1975, 612.1578419405452, 27
1976, 612.082431982073, 27
1977, 612.0921907467085, 27
1978, 612.1365844123727, 27
1979, 612.1288188440141, 27
1980, 612.0929910030212, 27
1981, 612.1676041409148, 27
1982, 612.1272272189266, 27
1983, 612.0991103529401, 27
1984, 612.1861398422714, 27
1985, 612.1003840244935, 27
1986, 609.6888926097668, 27
1987, 609.6375032880882, 27
1988, 609.7212925146143, 27
1989, 609.6076411771294, 27
1990, 613.488234401153, 27
1991, 613.4974346192935, 27
1992, 613.4536829326861, 27
1993, 613.5561581524994, 27
1994, 613.5149055380163, 27
1995, 617.9694406256652, 27
1996, 617.9392421998588, 27
1997, 617.9314144377491, 27
1998, 618.0487445668061, 27
1999, 617.9068099561815, 27
2000, 617.9325790397887, 27
2001, 617.9798263200872, 27
2002, 621.5034704905923, 27
2003, 621.4617709282402, 27
2004, 621.5543117982925, 27
2005, 621.4822115005485, 27
2006, 621.4662772494027, 27
2007, 618.7173933048871, 27
2008, 618.6305464341839, 27
2009, 610.7583870200808, 26
2010, 610.659251500456, 26
2011, 610.7078697901127, 26
2012, 610.7298064103123, 26
2013, 610.7325174422717, 26
2014, 610.7617077908159, 26
2015, 610.7644704719039, 26
2016, 610.7456325859417, 26
2017, 610.7124758903446, 26
2018, 610.7434966259882, 26
2019, 606.1436946758564, 26
2020, 605.1892747962341, 27
2021, 608.4698764318006, 27
2022, 608.4964918176363, 27
2023, 608.4497151745896, 27
2024, 608.5299353705191, 27
2025, 608.4954599910491, 27
2026, 608.5364882367314, 27
2027, 608.5512218900523, 27
2028, 608.4878937189834, 27
2029, 615.4356606442359, 27
2030, 615.5566877164915, 27
2031, 615.5547504429442, 27
2032, 615.482750543359, 27
2033, 615.2713845168719, 27
2034, 615.362866221083, 27
2035, 615.5186184005684, 27
2036, 615.3632362535549, 27
2037, 615.3926170773102, 27
2038, 615.4262813004686, 27
2039, 615.303131775827, 27
2040, 615.304993686082, 27
2041, 615.427070618054, 27
2042, 615.3790271905588, 27
2043, 615.4042966945698, 27
2044, 615.4208891653313, 27
2045, 614.4636932174025, 27
2046, 614.37062661237, 27
2047, 614.5135787410388, 27
2048, 609.9818091083667, 27
2049, 609.9208454629284, 27
2050, 609.8927560433879, 27
2051, 609.8233088577949, 27
2052, 609.9272826918237, 27
2053, 609.8528939747798, 27
2054, 609.8516306885832, 27
2055, 609.8476378579392, 27
2056, 609.7715022759884, 27
2057, 609.9423346257073, 27
2058, 609.8078961877704, 27
2059, 609.8682253058751, 27
2060, 606.4417382083735, 27
2061, 611.3973800668897, 28
2062, 611.3089495876001, 28
2063, 611.2192599761196, 28
2064, 611.4425287776467, 28
2065, 611.4568406704552, 28
2066, 611.2803257151568, 28
2067, 611.225685790937, 28
2068, 615.7845515349433, 28
2069, 615.5979407961908, 28
2070, 615.7597798939053, 28
2071, 615.6742886237482, 28
2072, 615.7613359527404, 28
2073, 615.8328707248899, 28
2074, 615.8145756761168, 28
2075, 615.7298648197118, 28
2076, 614.1460626567814, 28
2077, 624.6317521028675, 28
2078, 624.5752214060258, 28
2079, 624.5666211162271, 28
2080, 624.6461727678145, 28
2081, 626.4317362937691, 28
2082, 626.5129828256967, 28
2083, 626.2539665071348, 28
2084, 626.361334527727, 28
2085, 629.893160057416, 28
2086, 629.824447553727, 28
2087, 629.7605839198202, 28
2088, 629.8630723436128, 28
2089, 629.8500978001679, 28
2090, 629.7346503674063, 28
2091, 635.2247401539593, 29
2092, 635.1564018664468, 29
2093, 635.3062155223932, 29
2094, 640.5975094828575, 29
2095, 640.6501344226203, 29
2096, 640.4228800312751, 29
2097, 640.5600374856105, 29
2098, 640.443850143431, 29
2099, 640.6168296088434, 29
2100, 640.4604327764607, 29
2101, 640.7170130052501, 29
2102, 640.481076877239, 29
2103, 640.6397206638736, 29
2104, 640.5963301828506, 29
2105, 647.3639372938749, 29
2106, 647.4322340747553, 29
2107, 658.1311589695068, 29
2108, 658.0608144946325, 29
2109, 658.1290560582705, 29
2110, 657.9677975188253, 29
2111, 658.232864106809, 29
2112, 658.0856577273069, 29
2113, 658.1532194087733, 29
2114, 658.1187161025708, 29
2115, 658.2465382734955, 29
2116, 657.9677368307719, 29
2117, 657.9530775928955, 29
2118, 663.6138765965737, 29
2119, 663.4024228761259, 29
2120, 663.519403286925, 29
2121, 663.5217980870509, 29
2122, 663.5666121027414, 29
2123, 663.6266301200609, 29
2124, 663.4633047055561, 29
2125, 663.5208689877061, 29
2126, 663.615696218064, 29
2127, 674.174488511565, 29
2128, 678.5566758264612, 29
2129, 678.6308419809367, 29
2130, 678.4998245260109, 29
2131, 678.5396214994861, 29
2132, 678.5873205490691, 29
2133, 678.5044211393673, 29
2134, 678.666224544845, 29
2135, 678.6141244777235, 29
2136, 678.3389051830995, 29
2137, 678.4617920321957, 29
2138, 678.660938946145, 29
2139, 678.5588556403371, 29
2140, 689.4090892476443, 29
2141, 693.3605508087522, 29
2142, 697.8508014438048, 29
2143, 697.6256017855982, 29
2144, 697.6683013571778, 29
2145, 700.3952934429021, 29
2146, 700.4223330276892, 29
2147, 700.4523781798242, 29
2148, 700.4272422598721, 29
2149, 700.324154510053, 29
2150, 700.3052587898142, 29
2151, 700.2277861575036, 29
2152, 703.9142929807527, 29
2153, 709.5486625763352, 29
2154, 709.7628934413902, 29
2155, 709.5104746137732, 29
2156, 709.5735409634391, 29
2157, 709.6336670365197, 29
2158, 709.7129637247202, 29
2159, 709.6397219688221, 29
2160, 709.5866192909818, 29
2161, 714.2133547232372, 29
2162, 714.0429738003767, 29
2163, 716.6236205638478, 29
2164, 716.6562261094394, 29
2165, 716.392237746253, 29
2166, 716.4716202024947, 29
2167, 716.5649011705162, 29
2168, 716.5467179223106, 29
2169, 716.5714610719418, 29
2170, 716.6852763976825, 29
2171, 716.5131053475434, 29
2172, 716.4802405063413, 29
2173, 716.5786802660102, 29
2174, 716.502431867004, 29
2175, 716.4905242901955, 29
2176, 721.2097550026305, 29
2177, 721.1530481858948, 29
2178, 721.0227980074992, 29
2179, 720.9544199669209, 29
2180, 720.9517261337613, 29
2181, 721.0505925803669, 29
2182, 721.0444570464037, 29
2183, 721.1415441895133, 29
2184, 714.8150514172999, 29
2185, 714.9824493988243, 29
2186, 725.9128934734733, 29
2187, 725.8129028608593, 29
2188, 731.5910844057266, 29
2189, 731.5457448689749, 29
2190, 735.3415182099568, 29
2191, 746.3446570130799, 29
2192, 746.2746225091607, 29
2193, 746.327106644671, 29
2194, 746.391123473499, 29
2195, 738.374848517546, 28
2196, 738.3705991780467, 28
2197, 744.2070876538943, 28
2198, 749.5673941580574, 29
2199, 749.5753177567622, 29
2200, 749.0875421908854, 29
2201, 753.5175113633562, 29
2202, 753.6509779933692, 29
2203, 753.6376182866471, 29
2204, 757.4713080793433, 29
2205, 762.895779446229, 30
2206, 767.2874839002981, 30
2207, 767.3438689104386, 30
2208, 767.3219021843869, 30
2209, 767.3690515247946, 30
2210, 767.4591947309206, 30
2211, 767.3449031057627, 30
2212, 759.5385878646787, 29
2213, 759.5287441697722, 29
2214, 759.4579765307548, 29
2215, 759.518590705918, 29
2216, 759.4557935082912, 29
2217, 764.6122822967058, 30
2218, 764.7089510995269, 30
2219, 764.7026428019318, 30
2220, 764.699773444347, 30
2221, 764.8409020784071, 30
2222, 769.2711039826376, 30
2223, 769.2917788403427, 30
2224, 773.1550434177526, 30
2225, 773.151145100977, 30
2226, 773.1846104332828, 30
2227, 773.1623635312118, 30
2228, 765.5986405790321, 29
2229, 765.6158637483583, 29
2230, 765.5982936162283, 29
2231, 765.6358128877238, 29
2232, 770.1605705149766, 30
2233, 770.3390387519738, 30
2234, 763.7464150279318, 30
2235, 763.7297944886943, 30
2236, 763.6020785492782, 30
2237, 763.7522617334553, 30
2238, 769.0286432574524, 31
2239, 769.0431130483425, 31
2240, 768.9160793177632, 31
2241, 768.7872874635339, 31
2242, 768.9882231032232, 31
2243, 768.9120034307748, 31
2244, 768.9544104288639, 31
2245, 768.9869919698347, 31
2246, 769.0052985329164, 31
2247, 768.926301228578, 31
2248, 768.9829542025839, 31
2249, 773.5146043791128, 31
2250, 773.544867760475, 31
2251, 773.5308680372691, 31
2252, 773.487663178277, 31
2253, 773.5008845546974, 31
2254, 773.5383032328787, 31
2255, 773.3882967238717, 31
2256, 773.4808549351665, 31
2257, 773.5091146822508, 31
2258, 773.4955847005272, 31
2259, 773.5195187481784, 31
2260, 773.4967591613452, 31
2261, 773.4224431473685, 31
2262, 764.0452528709131, 31
2263, 764.1458887637955, 31
2264, 764.0010778349372, 31
2265, 767.9536467995194, 31
2266, 767.8000581296033, 31
2267, 761.7021578429622, 31
2268, 761.6867124199871, 31
2269, 761.6330697816627, 31
2270, 761.7227885379518, 31
2271, 761.6817676658852, 31
2272, 755.2605041107652, 31
2273, 757.5842585366811, 31
2274, 757.674838653018, 31
2275, 757.6436634291349, 31
2276, 757.5160192683302, 31
2277, 751.2194927961391, 31
2278, 751.1405402214109, 31
2279, 756.959607279138, 31
2280, 762.3362934425629, 32
2281, 762.1958617915689, 32
2282, 762.2688478329607, 32
2283, 762.3129695430479, 32
2284, 760.5766834070495, 32
2285, 760.634276207113, 32
2286, 760.5709408904577, 32
2287, 755.9360275467236, 32
2288, 755.837887826284, 32
2289, 755.8185804313189, 32
2290, 755.9054053379178, 32
2291, 763.8114186894737, 33
2292, 763.9153740007282, 33
2293, 763.8705177362932, 33
2294, 763.9161535973136, 33
2295, 763.8260483041661, 33
2296, 768.3428065664909, 33
2297, 768.3014964785951, 33
2298, 768.3624617035011, 33
2299, 768.2749729861102, 33
2300, 772.8791912626481, 33
2301, 777.3394038565614, 33
2302, 777.4251932050288, 33
2303, 777.3806865889997, 33
2304, 776.2914618335826, 33
2305, 770.0722614663388, 33
2306, 767.4979839593368, 33
2307, 767.4762769836108, 33
2308, 767.4086967490384, 33
2309, 767.4086861324589, 33
2310, 759.4821350181383, 32
2311, 759.3432712036482, 32
2312, 759.3808600042598, 32
2313, 759.4567571773766, 32
2314, 759.2843689357422, 32
2315, 759.4008218105402, 32
2316, 757.7177070393781, 32
2317, 755.6953189395017, 32
2318, 755.6412784406789, 32
2319, 760.1193767246283, 32
2320, 760.0833355003526, 32
2321, 760.2010886955376, 32
2322, 759.956639206162, 32
2323, 759.9654434874665, 32
2324, 759.9303682269934, 32
2325, 759.8777485707889, 32
2326, 760.0762409162661, 32
2327, 759.9734637354841, 32
2328, 760.0154761810998, 32
2329, 759.7924036413053, 32
2330, 759.9328665586921, 32
2331, 759.9606982362534, 32
2332, 760.0469417185103, 32
2333, 759.889840186844, 32
2334, 759.9584525978828, 32
2335, 759.8398377640616, 32
2336, 759.8839111636065, 32
2337, 760.1532861039716, 32
2338, 759.9262727516556, 32
2339, 762.9489521347211, 32
2340, 763.0924863671437, 32
2341, 774.1041699098403, 32
2342, 774.0672824898427, 32
2343, 774.2531368652415, 32
2344, 774.2341321850352, 32
2345, 774.0330719429414, 32
2346, 774.0525203063692, 32
2347, 774.1850645490022, 32
2348, 774.055250826279, 32
2349, 774.051873222247, 32
2350, 774.0860147522494, 32
2351, 774.2616672996783, 32
2352, 774.1365423100058, 32
2353, 774.1009985852022, 32
2354, 772.6544471419206, 32
2355, 772.4933285434738, 32
2356, 772.4922893046091, 32
2357, 772.4439539943658, 32
2358, 772.4327492336179, 32
2359, 772.4430373501614, 32
2360, 772.5284469909584, 32
2361, 777.7357489151173, 33
2362, 781.9156545744165, 33
2363, 782.1177164482657, 33
2364, 781.980878038909, 33
2365, 782.0556952153614, 33
2366, 781.9381625541503, 33
2367, 781.9502532391988, 33
2368, 781.8215040935688, 33
2369, 782.0698000928578, 33
2370, 781.9363012435542, 33
2371, 785.4866829694536, 33
2372, 785.6188219461026, 33
2373, 785.5395217995301, 33
2374, 792.5385512932817, 33
2375, 792.4517223329887, 33
2376, 792.3931391213948, 33
2377, 792.4428965198089, 33
2378, 792.4264003618476, 33
2379, 792.538152954198, 33
2380, 798.001646905192, 33
2381, 798.1669732025399, 33
2382, 798.0126371297088, 33
2383, 798.0586150547012, 33
2384, 797.8822111767133, 33
2385, 803.3361967707957, 34
2386, 803.4112459706722, 34
2387, 803.2468778722321, 34
2388, 803.3576452460786, 34
2389, 803.4216641168866, 34
2390, 803.4220603502778, 34
2391, 803.3878240922666, 34
2392, 801.678013232799, 34
2393, 801.6256072304825, 34
2394, 801.6770978023661, 34
2395, 805.9580658230957, 34
2396, 806.2094143904238, 34
2397, 806.1043611084746, 34
2398, 798.2256860994343, 33
2399, 798.4633055514392, 33
2400, 798.3184842392494, 33
2401, 798.344900158113, 33
2402, 809.524684755195, 33
2403, 814.7400974003665, 34
2404, 814.7373327081585, 34
2405, 814.9149243675769, 34
2406, 814.7790074003606, 34
2407, 814.7403699989841, 34
2408, 814.7347929880515, 34
2409, 820.4885538852806, 34
2410, 820.5513365913572, 34
2411, 820.5513700051727, 34
2412, 820.4450934621681, 34
2413, 820.3369986275778, 34
2414, 820.4749087998063, 34
2415, 820.5920158286337, 34
2416, 814.133299134522, 33
2417, 814.0007280988827, 33
2418, 818.4951292940287, 33
2419, 815.1765774049703, 33
2420, 815.1002236850625, 33
2421, 818.7379832522748, 33
2422, 818.7793890768372, 33
2423, 818.8056374587796, 33
2424, 818.7918641632272, 33
2425, 818.6732865444301, 33
2426, 818.7162424851034, 33
2427, 818.8151676293057, 33
2428, 818.6885870401683, 33
2429, 818.7870067031486, 33
2430, 818.8317812335049, 33
2431, 818.641307865874, 33
2432, 818.5752883100414, 33
2433, 823.1870740126838, 33
2434, 823.2197896950532, 33
2435, 823.0968384856621, 33
2436, 823.2093830106693, 33
2437, 823.1933308626228, 33
2438, 823.2191243355398, 33
2439, 823.233657766223, 33
2440, 823.1811608226861, 33
2441, 823.1953461391467, 33
2442, 823.1933009088395, 33
2443, 823.234117584733, 33
2444, 823.2795149456581, 33
2445, 823.2492602312115, 33
2446, 828.1784771764967, 33
2447, 828.0271836684418, 33
2448, 827.913175766978, 33
2449, 828.0520868478146, 33
2450, 828.0245357504201, 33
2451, 828.064048166125, 33
2452, 832.4616912047292, 34
2453, 832.3943257960304, 34
2454, 832.3541654159222, 34
2455, 832.3941334548022, 34
2456, 832.4325331021898, 34
2457, 832.2856614108148, 34
2458, 832.4526984538574, 34
2459, 832.4679097674331, 34
2460, 832.5028892955356, 34
2461, 825.2815782989146, 33
2462, 825.3870527963659, 33
2463, 825.2039374605589, 33
2464, 825.2182444975596, 33
2465, 817.4654979049003, 33
2466, 822.3385178978122, 34
2467, 826.7006964626606, 34
2468, 826.5592790079347, 34
2469, 826.6761129396627, 34
2470, 826.6927234777264, 34
2471, 826.8744788405415, 34
2472, 826.8187561588104, 34
2473, 826.7786939430562, 34
2474, 826.6768287425683, 34
2475, 826.6488270351554, 34
2476, 826.818769440848, 34
2477, 834.09191033498, 34
2478, 833.988884267907, 34
2479, 834.0179224131032, 34
2480, 834.2558048687672, 34
2481, 833.8690609037878, 34
2482, 833.9926618821243, 34
2483, 834.0788969857342, 34
2484, 833.9114746309701, 34
2485, 834.0021702724125, 34
2486, 834.012266924313, 34
2487, 834.0596755884476, 34
2488, 833.8967541515539, 34
2489, 834.1191721352504, 34
2490, 828.0263182310531, 34
2491, 828.0771572248934, 34
2492, 827.8522208578564, 34
2493, 827.9878696351371, 34
2494, 828.0727580629024, 34
2495, 827.987649323096, 34
2496, 839.4000508702849, 34
2497, 839.4319720715042, 34
2498, 839.403886781, 34
2499, 839.3344088206651, 34
2500, 839.3119773160323, 34
2501, 839.1528239623503, 34
2502, 839.3857913106808, 34
2503, 839.4670714197496, 34
2504, 839.3933981341548, 34
2505, 839.2715675464273, 34
2506, 839.3373209061007, 34
2507, 850.7830331561121, 34
2508, 856.509570935266, 34
2509, 856.5251030537537, 34
2510, 856.5227443693225, 34
2511, 856.5102271439289, 34
2512, 860.7228622136803, 34
2513, 860.7656272599285, 34
2514, 860.8009451844536, 34
2515, 860.9348086983454, 34
2516, 860.685645878449, 34
2517, 854.7494977219611, 34
2518, 854.7583028296382, 34
2519, 854.7792786059974, 34
2520, 854.7624553624682, 34
2521, 858.589038904897, 34
2522, 868.6237827531684, 34
2523, 862.6705324324896, 34
2524, 862.8132406219441, 34
2525, 862.6476889109148, 34
2526, 857.8862018895891, 34
2527, 857.788452825746, 34
2528, 857.8235458676794, 34
2529, 857.6932645180838, 34
2530, 857.7756847691868, 34
2531, 857.7951950912025, 34
2532, 857.8000370135825, 34
2533, 857.7795448686967, 34
2534, 857.7384567392736, 34
2535, 869.3823050038175, 34
2536, 873.5444848223253, 34
2537, 873.6406992958562, 34
2538, 872.5778468060809, 34
2539, 876.7145012421569, 34
2540, 876.7342237286817, 34
2541, 882.7004855448054, 34
2542, 882.5992197819598, 34
2543, 882.663356858822, 34
2544, 882.6396194171181, 34
2545, 882.5420236764379, 34
2546, 882.4851085716157, 34
2547, 882.5622227763433, 34
2548, 882.5542531187929, 34
2549, 882.4035008328859, 34
2550, 882.5221953627444, 34
2551, 884.6724821350073, 34
2552, 879.7769070802716, 34
2553, 879.8598333096202, 34
2554, 879.7349839476494, 34
2555, 879.7856331499102, 34
2556, 879.7928892020075, 34
2557, 879.7098923400212, 34
2558, 879.8410771571617, 34
2559, 879.7433086001414, 34
2560, 879.8651010106844, 34
2561, 879.8531662753429, 34
2562, 870.7022299004135, 34
2563, 876.2267795602429, 34
2564, 876.3801732869055, 34
2565, 876.2231682613606, 34
2566, 870.6567723847509, 33
2567, 870.5699146304609, 33
2568, 875.0332163458504, 33
2569, 874.8992441668411, 33
2570, 874.9552954291388, 33
2571, 870.1699423293114, 33
2572, 870.3390374949158, 33
2573, 870.1822303624087, 33
2574, 870.4073360736727, 33
2575, 870.2903409035918, 33
2576, 870.0782937141793, 33
2577, 870.2938731094131, 33
2578, 870.1482929444495, 33
2579, 870.2941736209384, 33
2580, 870.2018422441823, 33
2581, 873.8560881780287, 33
2582, 872.6930163619201, 33
2583, 872.6272893774519, 33
2584, 872.5585048965163, 33
2585, 872.6601779467526, 33
2586, 872.7925104014463, 33
2587, 876.3322700477061, 33
2588, 876.331807098622, 33
2589, 871.5925571141505, 33
2590, 871.0738322479773, 34
2591, 874.5986661713043, 34
2592, 874.5866161565033, 34
2593, 874.5970527974653, 34
2594, 874.5339293847417, 34
2595, 874.6092638024605, 34
2596, 886.2930332142151, 34
2597, 886.3102289494478, 34
2598, 886.2746808572285, 34
2599, 886.2091494807572, 34
2600, 886.2598298395037, 34
2601, 880.3581268924802, 34
2602, 880.4022101330396, 34
2603, 878.8552367151982, 34
2604, 895.0876418764714, 34
2605, 894.955144357345, 34
2606, 894.9753223644277, 34
2607, 900.6900278489192, 34
2608, 900.6505474948414, 34
2609, 904.0824056619246, 34
2610, 904.2274690994595, 34
2611, 904.20844925744, 34
2612, 902.6824677981613, 34
2613, 902.6365442419481, 34
2614, 902.6565797128193, 34
2615, 902.5453622730331, 34
2616, 902.5712256779234, 34
2617, 902.5869120298705, 34
2618, 896.8930400892518, 34
2619, 892.4038438320047, 34
2620, 892.4901317957059, 34
2621, 892.4088801858925, 34
2622, 892.4160637204513, 34
2623, 904.4150005333593, 34
2624, 904.3278993251404, 34
2625, 906.5550738696702, 34
2626, 906.6634271364784, 34
2627, 906.6166726171659, 34
2628, 914.7829529220584, 34
2629, 909.6870767771353, 34
2630, 909.6365433472204, 34
2631, 909.6342580674434, 34
2632, 904.030940628134, 34
2633, 907.5143658322028, 34
2634, 911.2559471024617, 34
2635, 911.2431552994501, 34
2636, 910.2595994698148, 34
2637, 900.3025770093068, 34
2638, 904.2997538161616, 34
2639, 898.9617559026709, 34
2640, 889.126391830468, 34
2641, 889.0757045524697, 34
2642, 894.645536002864, 34
2643, 894.5686688574973, 34
2644, 898.6208948711325, 34
2645, 898.6918969807278, 34
2646, 898.6690126537769, 34
2647, 898.6713498932285, 34
2648, 898.6747279521696, 34
2649, 898.6569817259589, 34
2650, 898.643306891888, 34
2651, 898.6000732658968, 34
2652, 898.6617772250122, 34
2653, 898.5840847123919, 34
2654, 898.6019727656052, 34
2655, 902.7598003261869, 34
2656, 902.8575645052294, 34
2657, 894.2224004513596, 34
2658, 894.1883865698746, 34
2659, 894.1838483502804, 34
2660, 892.0813495722426, 34
2661, 894.5632113885118, 34
2662, 894.5813916423856, 34
2663, 898.609205745187, 34
2664, 902.5062008922934, 34
2665, 890.4030154186331, 33
2666, 890.3236072865158, 33
2667, 890.3142744871337, 33
2668, 890.4164029418289, 33
2669, 890.3664422106226, 33
2670, 890.4377330268932, 33
2671, 894.3806186928451, 33
2672, 894.3776550396227, 33
2673, 894.453970441956, 33
2674, 897.7480610536437, 33
2675, 897.7835421745363, 33
2676, 897.802404093064, 33
2677, 897.7719653601308, 33
2678, 896.4894305881908, 33
2679, 903.397871018081, 34
2680, 903.4026487358391, 34
2681, 903.3550468141686, 34
2682, 903.3466862152471, 34
2683, 903.3157318637826, 34
2684, 903.3793628044049, 34
2685, 899.1278024494123, 34
2686, 898.1622330995101, 34
2687, 898.0156340908535, 34
2688, 898.1348118720058, 34
2689, 898.1367702977016, 34
2690, 898.0994260328195, 34
2691, 901.3883351206487, 34
2692, 901.3983880638935, 34
2693, 901.4197997081635, 34
