0, 0, 2
1, 0, 2
2, 0, 2
3, 0, 2
4, 0, 2
5, 0, 2
6, 0, 2
7, 0, 2
8, 0, 2
9, 0, 2
10, 0, 2
11, 0, 2
12, 0, 2
13, 0, 2
14, 5.708465422560582, 2
15, 16.82366535151682, 2
16, 14.913372333635088, 2
17, 8.949321943805996, 2
18, 7.172520670538799, 2
19, 5.958439809120992, 2
20, 8.059844509336694, 2
21, 6.008357245638069, 2
22, 3.018872322771902, 2
23, 4.375999501971908, 2
24, 4.590156796899383, 2
25, 2.8397941639378965, 2
26, 3.1216064328526496, 2
27, 4.565192745097538, 2
28, 3.588793403709232, 2
29, 4.736378930572203, 2
30, 5.346658898168512, 2
31, 4.26652655739769, 2
32, 4.3279233965563755, 2
33, 4.409905020744218, 2
34, 4.773792183145664, 2
35, 3.1167624059248142, 2
36, 3.1034428784888064, 2
37, 10.343823158427547, 2
38, 7.341363678164262, 2
39, 7.119581731341359, 2
40, 7.252236851779658, 2
41, 7.475605314498528, 2
42, 4.409470868762627, 2
43, 3.2971742384260536, 2
44, 3.1148024406030106, 2
45, 3.1236835629337674, 2
46, 4.2870435781659415, 2
47, 4.347916675298356, 2
48, 4.3370820640263625, 2
49, 4.393089055752812, 3
50, 5.891628049578766, 3
51, 6.627861910735021, 3
52, 7.325804332422139, 3
53, 7.747346055741616, 3
54, 7.439251165383165, 3
55, 7.300707948263322, 3
56, 6.930397047559774, 3
57, 6.936155231467087, 3
58, 6.685664001590162, 3
59, 6.6591826752728975, 3
60, 6.674972280160902, 3
61, 6.956537095165564, 3
62, 6.677587217328629, 3
63, 6.85456535787694, 3
64, 6.674137768967316, 3
65, 6.72430098242588, 3
66, 6.627557899568963, 3
67, 6.731360248689901, 3
68, 6.5196291689283585, 3
69, 8.66029773800007, 3
70, 8.343575363416285, 3
71, 8.171060269973559, 3
72, 8.615010611205555, 3
73, 8.242551517208385, 3
74, 7.961630199631021, 3
75, 7.962163793829837, 3
76, 7.937879628818808, 3
77, 7.964697875287865, 3
78, 8.248024067513239, 3
79, 8.070101468034656, 3
80, 7.9545579711839025, 3
81, 8.050202289079042, 3
82, 7.939946498511786, 3
83, 7.971152924167846, 3
84, 7.959870225379617, 3
85, 7.953419276814743, 3
86, 7.954536053701441, 3
87, 8.009321969959885, 3
88, 7.95833611912691, 3
89, 7.928802413712068, 3
90, 7.94504707209684, 3
91, 7.986378718011163, 3
92, 8.771682951363648, 3
93, 8.832858519309877, 3
94, 8.788855750592713, 3
95, 8.912398848671517, 3
96, 8.934089339903005, 3
97, 8.912607313206925, 3
98, 8.903129660671038, 3
99, 8.928863944105636, 3
100, 8.901155810546424, 3
101, 8.87642712719992, 3
102, 8.887056966286806, 3
103, 8.874241267677442, 3
104, 8.91639569259045, 3
105, 8.891167397554693, 3
106, 8.898816755365381, 3
107, 8.930249298576857, 3
108, 8.881530497314479, 3
109, 9.760133871369876, 3
110, 9.997756432270355, 3
111, 12.665213043037914, 3
112, 12.366550678624822, 3
113, 12.223814501912303, 3
114, 12.18177300889885, 3
115, 12.303776498742605, 3
116, 12.146117460688245, 3
117, 12.282920631878143, 3
118, 11.743105105018191, 3
119, 12.014284212226654, 3
120, 11.790363587184883, 3
121, 12.167958820639624, 3
122, 12.0473366693729, 3
123, 11.667186380423656, 3
124, 11.865216781227666, 3
125, 11.932072410334225, 3
126, 11.874915335850824, 3
127, 15.36584055285486, 3
128, 15.40203777930159, 3
129, 15.512679407510582, 3
130, 15.287530820896059, 3
131, 15.051052503136596, 3
132, 17.348380083861446, 3
133, 17.153496709751558, 3
134, 17.33361863008966, 3
135, 19.918987188691595, 3
136, 19.9509161473475, 4
137, 21.676062422929714, 4
138, 22.295853428491736, 4
139, 22.328871727117118, 4
140, 24.31652075510563, 4
141, 24.06046675770996, 4
142, 24.232325965960243, 4
143, 21.82762003305734, 4
144, 21.87994237001473, 4
145, 22.038146642941804, 4
146, 21.893919394722545, 4
147, 21.741945874181717, 4
148, 21.854585687361208, 4
149, 21.706938588425754, 4
150, 21.813873185247562, 4
151, 21.713982610556403, 4
152, 21.820180749603278, 4
153, 21.395326178509762, 4
154, 19.50996597193615, 4
155, 19.250600314574623, 4
156, 19.409956723737054, 4
157, 23.830653859026253, 4
158, 21.77454308038313, 4
159, 21.638537559335948, 4
160, 23.3527330191271, 4
161, 24.889926110639607, 4
162, 24.895450264817434, 4
163, 24.74500600711827, 4
164, 26.912091218336595, 4
165, 26.898387024784423, 4
166, 26.83012194417755, 4
167, 26.895290839400936, 4
168, 26.79113480169512, 4
169, 26.828021154908182, 4
170, 26.948541017682437, 4
171, 29.046990405251616, 4
172, 28.96612007215829, 4
173, 28.954915769545675, 4
174, 30.90225494958623, 4
175, 30.8133443965349, 4
176, 28.232521356541767, 4
177, 30.45536474433666, 4
178, 30.382363026505896, 4
179, 30.074315165593134, 4
180, 30.08707323200869, 4
181, 30.01594018284224, 4
182, 30.08626237873687, 4
183, 27.809027284166774, 4
184, 27.741300222279435, 4
185, 27.744069549986968, 4
186, 27.725857983512185, 4
187, 27.81476366385821, 4
188, 27.700241139467572, 4
189, 27.798389215457668, 4
190, 27.72728323829929, 4
191, 29.87842540831401, 4
192, 29.58485201899358, 4
193, 34.10626439461431, 4
194, 34.16023417318941, 4
195, 34.05460100842559, 4
196, 34.05251297909025, 4
197, 31.53765297941807, 4
198, 31.545329789524484, 4
199, 31.590383512531865, 4
200, 31.613470382736654, 4
201, 31.583151548486597, 4
202, 31.566812241470238, 4
203, 31.6194989825457, 4
204, 31.587708024551254, 4
205, 28.99133185120438, 4
206, 29.04876684748237, 4
207, 28.95722348729981, 4
208, 29.0962154557202, 5
209, 29.02409628994973, 5
210, 29.108263718965684, 5
211, 31.259342604469825, 5
212, 31.258661532242378, 5
213, 31.245451464460796, 5
214, 31.162760142281765, 5
215, 28.730539559543782, 5
216, 30.788859921132676, 5
217, 28.522306464462773, 5
218, 28.638777724537178, 5
219, 26.209847446655807, 5
220, 26.286692398916948, 5
221, 28.140304826613463, 5
222, 28.188352280845365, 5
223, 28.208450745584866, 5
224, 28.195266111824605, 5
225, 28.171952070023064, 5
226, 26.081530177867077, 5
227, 25.94577687507473, 5
228, 25.963550899574145, 5
229, 25.93131598987456, 5
230, 26.022052819091016, 5
231, 25.93234718800877, 5
232, 25.91447650643902, 5
233, 26.01948447597972, 5
234, 26.003395691342828, 5
235, 25.919314528094972, 5
236, 25.97094229525044, 5
237, 25.93958306389243, 5
238, 27.82845282304093, 5
239, 27.849373636441374, 5
240, 27.8378237933267, 5
241, 27.88621528360195, 5
242, 27.636566585971792, 5
243, 27.601219039432067, 5
244, 27.587904652216977, 5
245, 27.670022261355363, 5
246, 27.63630320491477, 5
247, 27.560625827528643, 5
248, 26.661756976343842, 5
249, 26.700906379769815, 5
250, 26.225116392592565, 5
251, 28.722304474907656, 5
252, 28.05568099586058, 5
253, 30.524491797373216, 5
254, 30.138063492311694, 5
255, 29.938465096466683, 5
256, 30.02936224191722, 5
257, 30.16397509808012, 5
258, 30.153078228741588, 5
259, 28.30027542928754, 5
260, 27.857796086670557, 5
261, 27.655629511778372, 5
262, 22.24991623676933, 5
263, 22.10783722940061, 5
264, 22.357735620298705, 5
265, 22.321614943173397, 5
266, 17.967062500217907, 5
267, 17.858264794705075, 5
268, 17.926695110363212, 5
269, 17.82114484519145, 5
270, 17.926674013605485, 5
271, 23.68158790760874, 4
272, 23.600868373270217, 4
273, 21.993672783504202, 4
274, 21.89516203140745, 4
275, 22.034047657208113, 4
276, 22.126260599964315, 4
277, 21.843757072725573, 4
278, 22.00974765986375, 4
279, 23.267697540591698, 4
280, 23.447004319778507, 4
281, 23.312130084073207, 4
282, 21.296168184504793, 4
283, 19.523191981380897, 4
284, 19.54853743890848, 4
285, 19.588876235062575, 4
286, 19.699519529150205, 4
287, 18.19372125237091, 4
288, 18.211359061567084, 4
289, 18.398939688404777, 4
290, 19.394033846120045, 4
291, 19.531261978561915, 4
292, 19.45140065623106, 4
293, 19.403107201233052, 4
294, 19.62027500145596, 4
295, 19.425594631399573, 4
296, 24.83675549248536, 4
297, 25.00975794559743, 4
298, 26.271050763027933, 4
299, 26.317778347050695, 4
300, 26.162989409495307, 4
301, 26.281778686348648, 4
302, 26.348726448502042, 4
303, 26.373215811199135, 4
304, 26.267599792033817, 4
305, 27.763395524750205, 4
306, 27.8425431537427, 4
307, 27.92088645914095, 4
308, 27.88145892345803, 4
309, 26.83932534036823, 4
310, 26.844722397065535, 4
311, 26.869262533332297, 4
312, 28.557010855055058, 4
313, 26.757056161663034, 4
314, 26.870862605226062, 4
315, 26.7939148644775, 4
316, 26.867058035690157, 4
317, 28.438797146984445, 4
318, 28.433978639922586, 4
319, 28.511108424739632, 4
320, 28.35866923170039, 4
321, 28.42040224705196, 4
322, 28.349424837497278, 4
323, 28.49493717700554, 4
324, 28.38051473584256, 4
325, 28.454648721362563, 4
326, 30.053917306932497, 4
327, 29.98408591662748, 4
328, 29.977254664971657, 4
329, 28.127462522747994, 4
330, 29.724086648167447, 4
331, 29.690114728786952, 4
332, 29.67318396675413, 4
333, 29.631129038692364, 4
334, 36.41964531690737, 5
335, 36.28590370170875, 5
336, 36.71155444298199, 5
337, 36.593086524309875, 5
338, 36.40820541123519, 5
339, 36.45543916876204, 5
340, 36.45695792914409, 5
341, 36.45787660786371, 5
342, 36.46046394243267, 5
343, 36.47516727169673, 5
344, 36.46613032709531, 5
345, 36.24584936881449, 5
346, 36.47993411783543, 5
347, 36.3348522558208, 5
348, 36.584876965407304, 5
349, 33.131615513961556, 5
350, 33.07485162457578, 5
351, 33.06802618834581, 5
352, 33.191744216643556, 5
353, 32.99707286510183, 5
354, 33.080954960590866, 5
355, 33.10757158438624, 5
356, 33.204266415898445, 5
357, 33.18620651825243, 5
358, 33.18772879780967, 5
359, 33.23591995248027, 5
360, 38.05947988225144, 6
361, 38.01807171588697, 6
362, 37.981605858744565, 6
363, 38.03227955506825, 6
364, 40.31809467708328, 6
365, 40.26437284607388, 6
366, 40.30153513757364, 6
367, 40.35606975803734, 6
368, 40.317294080618986, 6
369, 40.12202772844767, 6
370, 40.413849556623475, 6
371, 40.153645989739495, 6
372, 40.200569860018916, 6
373, 40.206126914465, 6
374, 40.30007683826073, 6
375, 40.189384589646224, 6
376, 40.10974696884189, 6
377, 40.31878935300954, 6
378, 40.203974416936404, 6
379, 40.13111672639905, 6
380, 40.1380101469271, 6
381, 39.04827481792065, 6
382, 38.8861941121396, 6
383, 39.05672390807272, 6
384, 42.92484635176997, 6
385, 43.06204000205951, 6
386, 43.087280021977655, 6
387, 43.07101065986415, 6
388, 43.225124160031825, 6
389, 43.12589809791843, 6
390, 43.071007837361016, 6
391, 42.91977696059908, 6
392, 47.03812187325393, 6
393, 46.87400472217834, 6
394, 46.832327225910255, 6
395, 46.90878426740303, 6
396, 46.97461832776109, 6
397, 46.933431035169896, 6
398, 46.67203232335951, 6
399, 46.61888322844991, 6
400, 46.55359190680083, 6
401, 46.69029752392438, 6
402, 51.404063811281056, 6
403, 51.38855406153412, 6
404, 51.37373465662118, 6
405, 51.34170916842166, 6
406, 51.378515748632076, 6
407, 51.423116675580346, 6
408, 51.30207616676888, 6
409, 51.05894093344928, 6
410, 52.952796915140375, 6
411, 52.84326405558317, 6
412, 52.88769701662992, 6
413, 52.94667337799639, 6
414, 52.80649386207645, 6
415, 52.83483424726241, 6
416, 52.87887584320922, 6
417, 54.886202113318575, 6
418, 57.13845361449305, 6
419, 59.80131748096096, 6
420, 59.910588609992196, 6
421, 59.87416499087932, 6
422, 56.86769073823981, 6
423, 56.90147743382553, 6
424, 54.439216903687054, 6
425, 51.91955065256395, 6
426, 51.88934023802646, 6
427, 51.88928293667298, 6
428, 51.99197577174241, 6
429, 51.877228154362584, 6
430, 51.645899186244066, 6
431, 51.61907868871052, 6
432, 51.67885451531132, 6
433, 51.61700964004539, 6
434, 51.611102076431685, 6
435, 51.62186354100304, 6
436, 51.562335968038845, 6
437, 51.55758778278421, 6
438, 53.72932266920495, 6
439, 55.62530159249496, 6
440, 55.73867132185737, 6
441, 55.616316882636255, 6
442, 57.79476741437991, 6
443, 55.41881291550184, 6
444, 55.14482671857789, 6
445, 60.751826817418504, 7
446, 60.863108229233426, 7
447, 60.83033953614581, 7
448, 60.76963774909004, 7
449, 60.77674864720107, 7
450, 60.778832648693395, 7
451, 60.83956665799016, 7
452, 60.45649646392756, 7
453, 60.4510495546566, 7
454, 60.492130154909006, 7
455, 62.479988494401965, 7
456, 64.83216256675536, 7
457, 64.84838478004782, 7
458, 64.84350788445714, 7
459, 64.88570290261876, 7
460, 64.93092745559896, 7
461, 67.15875326619548, 7
462, 67.05455848012186, 7
463, 67.18731425697977, 7
464, 67.17833805099949, 7
465, 67.12160602029653, 7
466, 67.13393223983459, 7
467, 66.76339549090196, 7
468, 64.29959092078515, 7
469, 61.28367012199668, 7
470, 59.173656922150045, 7
471, 58.99624843261323, 7
472, 58.99000861013938, 7
473, 58.88457469396418, 7
474, 58.927766157589154, 7
475, 51.12133517332434, 6
476, 55.962835731166706, 7
477, 55.94213806610466, 7
478, 55.943521903744006, 7
479, 53.645460577010475, 7
480, 53.56192663228731, 7
481, 53.35834072618028, 7
482, 55.11659918295049, 7
483, 55.238951001305196, 7
484, 55.006815783167035, 7
485, 52.966839296354, 7
486, 53.08365912862727, 7
487, 52.97503311795108, 7
488, 52.993479973173116, 7
489, 52.998642707530685, 7
490, 52.97244582907018, 7
491, 53.06411939460167, 7
492, 52.941501778870524, 7
493, 52.931192875334844, 7
494, 53.01688703971209, 7
495, 53.00886152882125, 7
496, 52.962305206639, 7
497, 52.962323948341385, 7
498, 52.719593665563465, 7
499, 52.67450088428576, 7
500, 52.666979553362765, 7
501, 52.728626192551104, 7
502, 52.647451233032136, 7
503, 54.453972233393245, 7
504, 54.42221603637667, 7
505, 57.93721863706382, 7
506, 60.09375525552594, 7
507, 57.4975279592408, 7
508, 57.66090178251035, 7
509, 57.841556727088474, 7
510, 57.69229116346598, 7
511, 57.766013935681656, 7
512, 59.80859084500112, 7
513, 59.70142248900629, 7
514, 59.82876148488742, 7
515, 61.67173201804711, 7
516, 61.537386800035115, 7
517, 61.624615976013864, 7
518, 61.61949056042683, 7
519, 61.57349400563236, 7
520, 61.60818297067352, 7
521, 61.51513773514735, 7
522, 61.433871934111735, 7
523, 61.71084679961194, 7
524, 61.658810481260176, 7
525, 57.566721590852985, 7
526, 57.67351398305105, 7
527, 57.53474287366857, 7
528, 57.64026646911515, 7
529, 57.64175283211675, 7
530, 57.639831209389364, 7
531, 57.58459424566119, 7
532, 57.56930663580197, 7
533, 57.62031588168105, 7
534, 57.66867164825627, 7
535, 57.51919120089975, 7
536, 57.56209799066005, 7
537, 57.626064129014416, 7
538, 57.62856344715868, 7
539, 57.55996632958514, 7
540, 57.62729217397487, 7
541, 57.69066857139403, 7
542, 62.41932677943286, 8
543, 62.32552377024314, 8
544, 62.42084153300021, 8
545, 62.41439696310291, 8
546, 62.409761948284725, 8
547, 62.41271471884475, 8
548, 62.29321873579809, 8
549, 62.38511875214874, 8
550, 62.357895584101335, 8
551, 62.33144369459225, 8
552, 62.45678994533688, 8
553, 62.095215837084886, 8
554, 62.04854223822639, 8
555, 62.02585638528586, 8
556, 62.10305611585926, 8
557, 62.13562280918598, 8
558, 61.93983932096169, 8
559, 62.03133562004008, 8
560, 62.02477426612803, 8
561, 61.995382018117354, 8
562, 61.909896891523594, 8
563, 62.03479118029267, 8
564, 62.10607080206022, 8
565, 62.10396220342727, 8
566, 62.07261040317784, 8
567, 62.18795135867392, 8
568, 61.969699614115754, 8
569, 62.03224667937898, 8
570, 61.91824423622209, 8
571, 61.91406222054633, 8
572, 61.91885715070055, 8
573, 61.96086163719677, 8
574, 62.05235272989635, 8
575, 62.070740373578325, 8
576, 61.951431690137724, 8
577, 61.97822015597508, 8
578, 62.127648995400804, 8
579, 62.062758571912376, 8
580, 62.065464022962665, 8
581, 61.96713076079933, 8
582, 62.092529270146564, 8
583, 62.044065263117744, 8
584, 61.993479826607675, 8
585, 62.02374163381499, 8
586, 62.084904527285154, 8
587, 61.93477467030561, 8
588, 61.98783370695498, 8
589, 62.02656531511212, 8
590, 61.94845727183757, 8
591, 61.974403804910445, 8
592, 62.033668303632, 8
593, 61.90676341955562, 8
594, 61.97062815236494, 8
595, 61.916479666189346, 8
596, 62.02268638001395, 8
597, 62.04501658000948, 8
598, 61.96487779732675, 8
599, 61.94295522175331, 8
600, 62.00867090776465, 8
601, 61.95015264536117, 8
602, 62.04921331628663, 8
603, 62.04862079454854, 8
604, 62.00341021988129, 8
605, 61.94281388850717, 8
606, 62.06024815993035, 8
607, 61.968571174495615, 8
608, 62.12116741666606, 8
609, 61.928799633725234, 8
610, 62.034445442266495, 8
611, 62.083590828685026, 8
612, 61.993476055316606, 8
613, 62.07575563742901, 8
614, 62.06679631250256, 8
615, 62.01724790458451, 8
616, 61.88833684762956, 8
617, 55.69174845334443, 7
618, 55.67726518648127, 7
619, 58.36963610437812, 7
620, 58.24435643499155, 7
621, 58.14694167111388, 7
622, 58.27847516579938, 7
623, 58.22630014959408, 7
624, 58.08353396257565, 7
625, 57.89752895869032, 7
626, 57.98611885081765, 7
627, 57.95286032924411, 7
628, 57.90275125108687, 7
629, 57.90128709436953, 7
630, 58.06554961209295, 7
631, 57.86594875993085, 7
632, 62.32592919091638, 8
633, 62.29547403466587, 8
634, 62.28610178327863, 8
635, 62.252084398413956, 8
636, 62.20092618054612, 8
637, 62.1717021205499, 8
638, 62.17292279145359, 8
639, 62.26254788040621, 8
640, 62.1298394150084, 8
641, 62.24254377053317, 8
642, 62.20087968879415, 8
643, 62.19269766628315, 8
644, 62.1738880957237, 8
645, 62.20784198602649, 8
646, 62.26841639494282, 8
647, 67.38217883490982, 8
648, 64.98979216655255, 8
649, 65.3054647205371, 8
650, 65.10710849415315, 8
651, 65.16318003759912, 8
652, 65.19257649263717, 8
653, 66.54250150946568, 8
654, 66.63193022715144, 8
655, 66.60079925899885, 8
656, 66.6146786806284, 8
657, 66.5591066898792, 8
658, 66.7462304400042, 8
659, 68.60765278806221, 8
660, 68.72884447230658, 8
661, 68.52250054370182, 8
662, 68.59416733485887, 8
663, 75.25163261734764, 8
664, 75.28092322691803, 8
665, 75.14164375717655, 8
666, 75.16537324971534, 8
667, 75.0841395393872, 8
668, 75.21295814308449, 8
669, 77.02452382107455, 8
670, 77.20337224901812, 8
671, 76.99843916562081, 8
672, 77.10113760591561, 8
673, 79.93030427319046, 8
674, 79.85224115251538, 8
675, 79.95804703320763, 8
676, 87.11809245797085, 8
677, 87.00343601311975, 8
678, 87.06933680745819, 8
679, 86.99963023359453, 8
680, 87.09285368183303, 8
681, 87.13118653004176, 8
682, 87.05735370302479, 8
683, 89.57002476221477, 8
684, 89.73959038381503, 8
685, 89.60656930950391, 8
686, 89.62451057832476, 8
687, 82.45413411528385, 8
688, 86.35615452256948, 8
689, 86.32130322855566, 8
690, 86.43535813835527, 8
691, 86.33745286944345, 8
692, 90.47010419233592, 8
693, 90.45764205758086, 8
694, 90.46338714414247, 8
695, 90.45687159790319, 8
696, 89.48744027816956, 8
697, 89.46669933958295, 8
698, 91.61777456588769, 8
699, 86.3390348302414, 8
700, 89.93435012083053, 8
701, 89.9712899912532, 8
702, 87.16567141106346, 7
703, 87.237707772936, 7
704, 84.19104961895285, 7
705, 86.52187397203025, 7
706, 86.34001668004034, 7
707, 86.16197678674403, 7
708, 86.2425342401344, 7
709, 86.06326360937531, 7
710, 86.14206771857651, 7
711, 83.75218206149017, 7
712, 83.90946044776526, 7
713, 85.79615120210659, 7
714, 85.85523195911324, 7
715, 85.81020476143242, 7
716, 83.31495145130711, 7
717, 83.28307983204452, 7
718, 83.37165780936624, 7
719, 83.57312494723752, 7
720, 93.98870274615462, 7
721, 93.62509521128946, 7
722, 93.70917758881038, 7
723, 100.19107115476099, 8
724, 99.88351441373085, 8
725, 101.1268085907254, 8
726, 97.99545654542686, 8
727, 97.84819539753056, 8
728, 97.79561983532433, 8
729, 97.91028299862454, 8
730, 97.85265115424473, 8
731, 97.7497902309401, 8
732, 94.81086191227796, 8
733, 94.56040252792165, 8
734, 96.64350411210683, 8
735, 95.88055741668701, 8
736, 95.67946810652317, 8
737, 95.36257199083651, 8
738, 95.43052849450791, 8
739, 94.81964849063345, 8
740, 94.65913472709781, 8
741, 94.67227148213131, 8
742, 96.56225822235585, 8
743, 96.73610912270745, 8
744, 96.80263198759847, 8
745, 98.58172046698351, 8
746, 98.73188138291285, 8
747, 103.88836649890109, 8
748, 103.96093554560268, 8
749, 103.79068635918219, 8
750, 106.61117989285114, 8
751, 112.22988531347261, 8
752, 112.22008444688268, 8
753, 116.68953330109034, 9
754, 119.01812340682093, 9
755, 120.22153158637413, 9
756, 117.28721698560503, 9
757, 117.32786739569502, 9
758, 117.41866578085468, 9
759, 119.90738609758354, 9
760, 122.19346910973654, 9
761, 122.26683646642282, 9
762, 122.21813567172623, 9
763, 122.08152137066924, 9
764, 122.14916733285406, 9
765, 122.31612674313813, 9
766, 122.22261634972025, 9
767, 122.04954617165039, 9
768, 129.14916332401816, 9
769, 129.04944361895858, 9
770, 125.53698876092832, 9
771, 125.52382322038375, 9
772, 128.34939491168095, 9
773, 128.36595392870566, 9
774, 130.864364466574, 9
775, 133.17381062621044, 9
776, 133.34521281865327, 9
777, 133.2723400540396, 9
778, 133.16621592691996, 9
779, 133.11406650338031, 9
780, 133.23758456362248, 9
781, 129.83258152503421, 9
782, 132.4262207813581, 10
783, 132.47328282490835, 10
784, 129.6891963251283, 10
785, 129.74350942734125, 10
786, 129.81496876888977, 10
787, 130.35307731705194, 10
788, 122.74450681668631, 10
789, 125.01875673532653, 10
790, 124.85511889240036, 10
791, 127.2698774974556, 10
792, 127.00012529109573, 10
793, 127.15439705794164, 10
794, 132.5417300917752, 10
795, 125.76506153682473, 10
796, 125.73976500909211, 10
797, 128.38201561692466, 10
798, 128.38553499832258, 10
799, 128.45100997463652, 10
800, 125.83135394326622, 10
801, 122.56488359154376, 10
802, 122.66204320263866, 10
803, 122.19704230265988, 10
804, 121.61092628234033, 10
805, 121.68155666482227, 10
806, 121.7390459785912, 10
807, 121.78845953237112, 10
808, 121.80949809307657, 10
809, 123.86938076037438, 10
810, 123.9427835680417, 10
811, 123.49467687883963, 10
812, 123.52702994332293, 10
813, 123.56273610706506, 10
814, 123.61485661720205, 10
815, 123.6103167490785, 10
816, 123.51514158020564, 10
817, 120.74263826438637, 10
818, 125.74449058945116, 11
819, 129.94766103506618, 11
820, 132.11061351781854, 11
821, 132.20496742094346, 11
822, 126.88947715324127, 11
823, 127.02993778707977, 11
824, 127.10172834600056, 11
825, 126.94005052104126, 11
826, 126.9192494002209, 11
827, 124.36139497524591, 11
828, 124.38124866148544, 11
829, 127.55972029325606, 11
830, 123.56449221902176, 11
831, 126.41849713162823, 11
832, 132.42887110161294, 11
833, 136.97509451729604, 11
834, 136.84283937172125, 11
835, 141.47843065728688, 11
836, 141.48152701672905, 11
837, 141.50311786439048, 11
838, 141.16599340189774, 11
839, 139.94238874740492, 11
840, 139.87800321560073, 11
841, 139.9197684131259, 11
842, 139.88983205919874, 11
843, 139.90345253310062, 11
844, 139.91307503669623, 11
845, 139.8914112370635, 11
846, 139.60227271178337, 11
847, 137.08263911539, 11
848, 137.14010309865546, 11
849, 136.9446699683023, 11
850, 136.63964880083427, 11
851, 136.65812102855503, 11
852, 138.63531249491064, 11
853, 138.59775819050654, 11
854, 138.6554436345833, 11
855, 138.63756078041607, 11
856, 138.62201007499974, 11
857, 138.55017926451845, 11
858, 138.59107025811906, 11
859, 138.55621508694333, 11
860, 138.60769033590736, 11
861, 138.6149652724242, 11
862, 138.52470342827604, 11
863, 138.68654704492744, 11
864, 138.61918250061896, 11
865, 138.62767525848326, 11
866, 141.42021588359248, 11
867, 141.37461459496444, 11
868, 138.74976319134257, 11
869, 138.8109785351531, 11
870, 140.8781557045507, 11
871, 140.802630128745, 11
872, 140.77057823198473, 11
873, 140.7877031867022, 11
874, 140.84392124911412, 11
875, 140.78894601283454, 11
876, 140.84826284197325, 11
877, 140.87014760827762, 11
878, 140.8532472961213, 11
879, 140.8556895890279, 11
880, 144.48793167275178, 11
881, 144.65551346045552, 11
882, 146.9802129250888, 11
883, 146.8366146568055, 11
884, 149.663835378844, 12
885, 149.62667192663372, 12
886, 147.7158180153181, 12
887, 154.02663515288606, 12
888, 153.89199838864945, 12
889, 154.04063937887878, 12
890, 153.9623149862192, 12
891, 154.0629846764167, 12
892, 152.13083768192146, 12
893, 152.1507970734392, 12
894, 152.28925292932215, 12
895, 152.12265946029015, 12
896, 152.116822600016, 12
897, 153.91936711070193, 12
898, 153.9236803878414, 12
899, 153.88357302925812, 12
900, 153.97088445529843, 12
901, 155.8647097352871, 12
902, 155.84471321932796, 12
903, 155.9011860245863, 12
904, 153.5794402425532, 12
905, 153.73513763568778, 12
906, 153.67765454866714, 12
907, 151.77708812687237, 12
908, 151.73708274780194, 12
909, 149.3576100945496, 12
910, 149.52038581628662, 12
911, 148.92950399047237, 12
912, 150.47722401754248, 12
913, 156.18655005501122, 12
914, 156.07456540925392, 12
915, 156.1736208086774, 12
916, 155.5452937463462, 12
917, 155.53016856703366, 12
918, 155.5379914106647, 12
919, 151.84095493222745, 12
920, 148.83725371945798, 12
921, 151.38738161267668, 12
922, 151.44416073851596, 12
923, 151.30439323831382, 12
924, 157.95579878198126, 12
925, 160.79059294936815, 12
926, 160.70551167195265, 12
927, 160.5414642142731, 12
928, 160.67093824821313, 12
929, 162.7456519030564, 12
930, 162.61140876497186, 12
931, 162.66676272093054, 12
932, 165.66490471707405, 12
933, 165.6282074272377, 12
934, 165.53464285473376, 12
935, 165.5858532031893, 12
936, 165.57526613218576, 12
937, 167.6930103739927, 12
938, 167.7740952884416, 12
939, 170.9105535258802, 12
940, 170.87122908791198, 12
941, 170.85531085497473, 12
942, 167.11382736044553, 12
943, 167.0074613365589, 12
944, 170.13258181383395, 12
945, 170.1188048332321, 12
946, 170.12080274308656, 12
947, 174.1357427227059, 12
948, 176.4104278124908, 12
949, 176.55450204453177, 12
950, 176.4746556916649, 12
951, 176.44417655830676, 12
952, 176.43899445618052, 12
953, 176.5134255887683, 12
954, 176.53357568949195, 12
955, 176.4377187518626, 12
956, 176.07255438917937, 12
957, 176.0743427711722, 12
958, 173.53031417353077, 12
959, 170.97333215635146, 12
960, 170.98908357772888, 12
961, 170.89716748683182, 12
962, 159.6293082999712, 11
963, 159.62935748125153, 11
964, 157.3711317758676, 11
965, 157.26801565279015, 11
966, 157.3594447553377, 11
967, 157.30851213679512, 11
968, 157.3012964887242, 11
969, 157.35561219224294, 11
970, 159.28858475289206, 11
971, 159.2578278539537, 11
972, 159.30984191139686, 11
973, 159.36251368396813, 11
974, 159.32526673334857, 11
975, 159.31751659630405, 11
976, 159.25849638727067, 11
977, 156.94205227515096, 11
978, 157.02253301700284, 11
979, 156.40316673563308, 11
980, 156.15636171482663, 11
981, 155.85654548368265, 11
982, 155.8905841146847, 11
983, 157.77273771673515, 11
984, 159.08798019167756, 11
985, 158.6484959608667, 11
986, 158.36914059653242, 11
987, 158.25171485057615, 11
988, 158.3403373555708, 11
989, 160.97217457556744, 12
990, 160.9936114874891, 12
991, 160.95610526144557, 12
992, 165.20594673991653, 12
993, 165.09870726979608, 12
994, 164.83814831578383, 12
995, 164.85945548052146, 12
996, 158.41836593671474, 11
997, 160.2714838002502, 11
998, 154.92508458295893, 11
999, 155.1206019464685, 11
1000, 157.6147005901244, 11
1001, 157.7250069722037, 11
1002, 157.65487047282565, 11
1003, 157.71190079558406, 11
1004, 157.62600636245566, 11
1005, 155.57742488913013, 11
1006, 155.75637418593305, 11
1007, 155.5605759941285, 11
1008, 155.65473796425536, 11
1009, 155.35650432416452, 11
1010, 155.4920881442811, 11
1011, 155.3166382506734, 11
1012, 158.37295560878547, 11
1013, 159.99504266376408, 11
1014, 156.5543500317354, 11
1015, 158.42503636043628, 11
1016, 158.3242065901612, 11
1017, 158.3898720050313, 11
1018, 158.42136655216808, 11
1019, 158.07531973325902, 11
1020, 162.77563488933993, 11
1021, 162.76879412446698, 11
1022, 161.64125447961226, 10
1023, 161.60026361301485, 10
1024, 165.09929370894758, 11
1025, 165.2869938287806, 11
1026, 167.7528402622125, 11
1027, 167.7045476296606, 11
1028, 170.35421188310704, 11
1029, 170.3105417032848, 11
1030, 170.28035440542766, 11
1031, 174.30732542143537, 12
1032, 174.4278083389474, 12
1033, 174.4087306767274, 12
1034, 171.33329885632128, 12
1035, 171.23406094887093, 12
1036, 173.7487108811035, 12
1037, 170.38361166631702, 12
1038, 169.902663789353, 12
1039, 169.65104131037472, 12
1040, 169.24759792398459, 12
1041, 169.26309896856762, 12
1042, 170.8449057423323, 12
1043, 170.9504818036839, 12
1044, 170.97369226438937, 12
1045, 170.93796269728247, 12
1046, 175.83407867345508, 12
1047, 172.03061178195415, 12
1048, 169.4212056829425, 12
1049, 173.48714738733415, 12
1050, 177.85049498232405, 13
1051, 177.9061902639353, 13
1052, 177.85036701357333, 13
1053, 180.00680486323253, 13
1054, 179.94435417257313, 13
1055, 175.69179560168692, 13
1056, 175.68201488171186, 13
1057, 175.64973350071008, 13
1058, 175.7490159531635, 13
1059, 177.38885563946135, 13
1060, 175.38454464778297, 12
1061, 177.82554648915257, 12
1062, 177.9064934200857, 12
1063, 175.8821823994216, 12
1064, 174.07136883720534, 12
1065, 174.09217930634287, 12
1066, 174.06854187558338, 12
1067, 176.0965027305003, 12
1068, 175.97794277638366, 12
1069, 176.01515853171907, 12
1070, 173.86712750183526, 12
1071, 171.471284756812, 12
1072, 168.05280525278383, 12
1073, 164.95742085722364, 12
1074, 167.2217731119415, 12
1075, 167.31728036824921, 12
1076, 167.24296724658396, 12
1077, 164.73936397344343, 12
1078, 171.58621102824432, 13
1079, 171.65257613323885, 13
1080, 175.70526382011982, 13
1081, 177.8136718119526, 13
1082, 177.64252604643968, 13
1083, 175.20790971237312, 13
1084, 175.16247216258742, 13
1085, 175.1673736367217, 13
1086, 177.22466828549878, 13
1087, 177.22894366244506, 13
1088, 177.20687480353254, 13
1089, 174.30644948170362, 13
1090, 176.33468917952635, 13
1091, 176.24729531860706, 13
1092, 176.27745153320262, 13
1093, 178.4610993168784, 13
1094, 178.50895863750625, 13
1095, 180.8153095490577, 13
1096, 182.53019125550563, 13
1097, 182.43617657827227, 13
1098, 182.49283602922466, 13
1099, 182.47843359499518, 13
1100, 182.49587117947584, 13
1101, 180.51394485752635, 13
1102, 180.5422157436855, 13
1103, 180.554348300919, 13
1104, 180.5227249656959, 13
1105, 180.65871106163135, 13
1106, 180.13086746701094, 13
1107, 177.28201709898295, 13
1108, 179.20104595756186, 13
1109, 181.46180486276523, 13
1110, 181.4374171679238, 13
1111, 181.4514208271265, 13
1112, 184.02625319757786, 13
1113, 189.7246227756152, 14
1114, 189.65258759243426, 14
1115, 189.6472075482078, 14
1116, 189.7583549845767, 14
1117, 189.6759298635194, 14
1118, 189.70785379278547, 14
1119, 186.77987043604367, 14
1120, 186.74056253560698, 14
1121, 186.71516266133924, 14
1122, 186.7256084414877, 14
1123, 186.70501960352308, 14
1124, 184.54608592184888, 14
1125, 184.42345196628304, 14
1126, 184.40979074515417, 14
1127, 184.4706662302835, 14
1128, 184.51686833975782, 14
1129, 184.5012405187356, 14
1130, 184.5275223121883, 14
1131, 184.51204548462158, 14
1132, 181.72844015366474, 14
1133, 181.74720677932, 14
1134, 181.47375910273632, 14
1135, 179.55738718528983, 14
1136, 179.34229200029367, 14
1137, 179.38585615649697, 14
1138, 179.39745405750108, 14
1139, 177.01063568311986, 14
1140, 179.27887556715874, 14
1141, 179.13630317406302, 14
1142, 180.79139275889054, 14
1143, 182.6930585528838, 14
1144, 184.04365148677775, 14
1145, 184.0475906589827, 14
1146, 185.97519424305642, 14
1147, 186.02954058190858, 14
1148, 185.9095303910155, 14
1149, 183.75316293034547, 14
1150, 185.69323660545774, 14
1151, 177.8909673815072, 13
1152, 177.84376665061166, 13
1153, 177.80814506132293, 13
1154, 177.84130600390114, 13
1155, 180.03803204523396, 13
1156, 179.96011820988255, 13
1157, 179.98874609684003, 13
1158, 184.84429685249273, 14
1159, 178.20362682621752, 13
1160, 178.26334325187017, 13
1161, 178.2071831068555, 13
1162, 178.22550204053826, 13
1163, 178.17851208490833, 13
1164, 178.2757105076319, 13
1165, 178.2354339066357, 13
1166, 178.20632240040783, 13
1167, 178.17807686430785, 13
1168, 178.19652764587923, 13
1169, 178.19914703695036, 13
1170, 182.46077041371797, 14
1171, 182.47074007251715, 14
1172, 176.99453890400497, 13
1173, 176.86629235814928, 13
1174, 176.93134786108297, 13
1175, 176.31146804123048, 13
1176, 174.11887189904476, 13
1177, 174.07993885092858, 13
1178, 173.83979739851043, 13
1179, 173.857359294322, 13
1180, 175.85520117222504, 13
1181, 175.79553906375142, 13
1182, 175.84823229546782, 13
1183, 175.83741254793478, 13
1184, 175.87687082414473, 13
1185, 177.5477377371898, 13
1186, 177.56408823354758, 13
1187, 177.55746990071262, 13
1188, 177.53193808102625, 13
1189, 177.54521836947788, 13
1190, 177.54876845730772, 13
1191, 171.6970619843355, 13
1192, 171.59887419227033, 13
1193, 171.6991087814955, 13
1194, 171.65520295247453, 13
1195, 171.5884099288201, 13
1196, 175.6770390209375, 14
1197, 175.55496897972338, 14
1198, 175.53411338268052, 14
1199, 167.86870991608393, 13
1200, 167.77346178623628, 13
1201, 171.66779625337023, 13
1202, 176.25466532231053, 13
1203, 173.82943206257528, 13
1204, 173.8883761191233, 13
1205, 173.9661876414338, 13
1206, 173.75373812081526, 13
1207, 171.46871924213477, 13
1208, 171.7346502522262, 13
1209, 169.86905507825387, 13
1210, 168.81464734448457, 13
1211, 170.6544044001295, 13
1212, 170.7855565131732, 13
1213, 168.96959993997416, 13
1214, 168.95150197080443, 13
1215, 168.92390923718943, 13
1216, 168.18092388300354, 13
1217, 169.9255850241696, 13
1218, 171.19553507151787, 13
1219, 171.02788398491768, 13
1220, 172.37300200586913, 14
1221, 174.12716289065324, 14
1222, 174.16422781191932, 14
1223, 174.09427268656853, 14
1224, 175.98019372007897, 14
1225, 177.77438966228192, 14
1226, 177.820002762124, 14
1227, 177.83591302751722, 14
1228, 177.8572196447696, 14
1229, 177.88767810870146, 14
1230, 177.83201414109138, 14
1231, 177.93704934108015, 14
1232, 177.89416330005935, 14
1233, 177.94097798045817, 14
1234, 177.86275277231175, 14
1235, 177.7896021439849, 14
1236, 177.83827657628214, 14
1237, 177.64292217553933, 14
1238, 177.75414235436912, 14
1239, 185.30355712922335, 15
1240, 185.12099083362975, 15
1241, 186.99594182153862, 15
1242, 188.71802628654524, 15
1243, 188.65939492938847, 15
1244, 186.77747590239892, 15
1245, 186.73024172329994, 15
1246, 186.72508192914484, 15
1247, 183.63034142186797, 15
1248, 185.24851168429637, 15
1249, 187.0875080927361, 15
1250, 187.0622914820905, 15
1251, 185.2082595756342, 15
1252, 185.35886297363703, 15
1253, 185.2610977530751, 15
1254, 183.81754293412862, 15
1255, 185.15319896515325, 15
1256, 186.64359327002012, 15
1257, 186.60631226900492, 15
1258, 186.6078540249162, 15
1259, 186.59362228598687, 15
1260, 186.5743416450493, 15
1261, 193.9108916471975, 15
1262, 193.84285172686555, 15
1263, 193.90572913189703, 15
1264, 193.61011298062718, 15
1265, 193.62551207946976, 15
1266, 195.66707306571567, 15
1267, 193.74978986321622, 15
1268, 193.59543539208812, 15
1269, 193.52614305536153, 15
1270, 193.61239084509808, 15
1271, 193.63838870436288, 15
1272, 193.6048414824335, 15
1273, 193.661489387849, 15
1274, 193.61936995725503, 15
1275, 193.40358572043536, 15
1276, 193.54475439037833, 15
1277, 193.42759254762265, 15
1278, 193.46940646106066, 15
1279, 193.49722003030433, 15
1280, 193.5625739124139, 15
1281, 193.52628728025144, 15
1282, 193.52216813727804, 15
1283, 193.47027910992807, 15
1284, 193.47837414868417, 15
1285, 194.73880525401813, 15
1286, 194.69996500259722, 15
1287, 194.73235100269517, 15
1288, 193.2719577061098, 15
1289, 193.20996986025125, 15
1290, 191.42192507539275, 15
1291, 191.40477819015146, 15
1292, 191.27406234083884, 15
1293, 191.3392123893268, 15
1294, 191.35193800414066, 15
1295, 191.38300114107, 15
1296, 191.3820974236551, 15
1297, 191.3703359825512, 15
1298, 191.40298997074333, 15
1299, 191.27926571370773, 15
1300, 191.41630326170545, 15
1301, 191.36752014074597, 15
1302, 191.30942453560272, 15
1303, 191.40135750001943, 15
1304, 191.38795991694994, 15
1305, 191.3651518848604, 15
1306, 191.31253369299452, 15
1307, 191.2669862899378, 15
1308, 191.3406417251821, 15
1309, 191.27553104513785, 15
1310, 191.33449585703306, 15
1311, 191.34877986300873, 15
1312, 191.3907691046987, 15
1313, 191.28652620008816, 15
1314, 191.30699584142107, 15
1315, 191.3378428913371, 15
1316, 186.40405200249205, 14
1317, 186.2169450488764, 14
1318, 186.26612518102857, 14
1319, 186.25693253546646, 14
1320, 186.26469935181478, 14
1321, 185.8386801790652, 14
1322, 191.52213426963237, 14
1323, 191.6256257938048, 14
1324, 189.07722853540318, 14
1325, 192.71536416893997, 14
1326, 192.73092039738452, 14
1327, 192.78315127118177, 14
1328, 192.78448116741296, 14
1329, 190.91338159531878, 14
1330, 190.93463911145182, 14
1331, 190.97123787157975, 14
1332, 190.96701765425814, 14
1333, 190.8752819124002, 14
1334, 190.90126965455534, 14
1335, 188.93549359106757, 14
1336, 190.69124978959897, 14
1337, 192.01519828844474, 14
1338, 191.76295278470985, 14
1339, 193.61799547257272, 14
1340, 191.77247941544513, 14
1341, 193.38615893676524, 14
1342, 191.54481831674727, 14
1343, 193.22052551523282, 14
1344, 194.86966325424694, 14
1345, 199.74804023582104, 14
1346, 199.81374860723105, 14
1347, 199.741534866778, 14
1348, 199.84652264566256, 14
1349, 199.83461514375404, 14
1350, 201.5439171129136, 14
1351, 201.4332438711959, 14
1352, 205.2248887416785, 15
1353, 205.17073108866788, 15
1354, 205.2305381248628, 15
1355, 205.24467747613042, 15
1356, 207.07076196677767, 15
1357, 207.13001399677637, 15
1358, 207.07127718835727, 15
1359, 207.1270532709815, 15
1360, 208.77771100711982, 15
1361, 210.1367907125813, 15
1362, 212.21202105843844, 15
1363, 212.09425863788263, 15
1364, 211.16567223419523, 15
1365, 211.02485912542338, 15
1366, 211.05527209084784, 15
1367, 211.0278541659555, 15
1368, 209.64572459030336, 15
1369, 209.623247217283, 15
1370, 209.7333817993363, 15
1371, 209.65203130712007, 15
1372, 209.72542805870296, 15
1373, 209.74524387597683, 15
1374, 211.44165006043568, 15
1375, 211.4652185997514, 15
1376, 211.45999156725236, 15
1377, 215.33439207084365, 16
1378, 216.5365671957714, 16
1379, 216.54411933968544, 16
1380, 215.1518943775846, 16
1381, 216.3584219067642, 16
1382, 216.26374615397583, 16
1383, 216.43486906246838, 16
1384, 216.27715872186468, 16
1385, 216.3561448298555, 16
1386, 216.341164319834, 16
1387, 216.35708956730133, 16
1388, 216.3678832438553, 16
1389, 216.28978597912695, 16
1390, 216.40030156387888, 16
1391, 220.16182353554285, 17
1392, 220.26672141275736, 17
1393, 220.18654570774515, 17
1394, 220.2030591559025, 17
1395, 220.17918511946615, 17
1396, 220.14218862074821, 17
1397, 220.20550821304602, 17
1398, 215.37892114323745, 16
1399, 215.2119701224592, 16
1400, 215.2464462471953, 16
1401, 215.30243332748324, 16
1402, 215.29077727901864, 16
1403, 215.175513383708, 16
1404, 220.50193361338495, 16
1405, 220.44964161020675, 16
1406, 220.63419888687514, 16
1407, 218.62535834234103, 16
1408, 218.40715246948918, 16
1409, 220.1876684214725, 16
1410, 220.36817413423069, 16
1411, 220.3683602723255, 16
1412, 220.39840940683172, 16
1413, 220.41028842500515, 16
1414, 220.05740263969233, 16
1415, 220.002546574502, 16
1416, 220.1282496324866, 16
1417, 227.8116049844457, 16
1418, 227.77159433307685, 16
1419, 230.08226006773089, 16
1420, 229.95224814498414, 16
1421, 230.0034987550468, 16
1422, 230.00952481740381, 16
1423, 231.7667286710594, 16
1424, 231.77680608541158, 16
1425, 231.77584817998138, 16
1426, 231.9808247949427, 16
1427, 231.8934485917843, 16
1428, 239.5096286203642, 16
1429, 239.44446535217241, 16
1430, 241.84871751543204, 16
1431, 241.8387699368222, 16
1432, 241.72942270317498, 16
1433, 243.94428552078296, 16
1434, 243.92756311516843, 16
1435, 245.82736935130617, 16
1436, 243.48289737226554, 16
1437, 243.5066011270335, 16
1438, 239.10824123216304, 16
1439, 238.93450947332082, 16
1440, 238.96350590333185, 16
1441, 238.88226948370067, 16
1442, 239.04241755941797, 16
1443, 239.0841489890816, 16
1444, 237.1114029576201, 16
1445, 237.0633732760685, 16
1446, 237.09365595803757, 16
1447, 234.61704153535476, 16
1448, 242.81829444822841, 16
1449, 242.72406359291352, 16
1450, 242.6957238290666, 16
1451, 242.83996127316283, 16
1452, 242.79423698534504, 16
1453, 242.76579442675018, 16
1454, 244.69966472886318, 16
1455, 244.64540719258832, 16
1456, 247.07901601664528, 17
1457, 248.68825712985594, 17
1458, 248.67996245420085, 17
1459, 256.5807976427451, 17
1460, 256.5495487867383, 17
1461, 257.7389239966266, 17
1462, 259.4741150857151, 17
1463, 261.24595661906983, 17
1464, 258.8234834372974, 17
1465, 258.90602766819944, 17
1466, 258.5928206229357, 17
1467, 253.7430500874929, 16
1468, 251.62315309418054, 16
1469, 251.69741527749457, 16
1470, 253.55835582678793, 16
1471, 251.48819824574858, 16
1472, 248.6003474973655, 16
1473, 246.55302172230793, 16
1474, 248.33211755892253, 16
1475, 248.2963552217457, 16
1476, 248.42575577199105, 16
1477, 248.13276194284188, 16
1478, 250.32540057772397, 16
1479, 250.31909169834208, 16
1480, 250.3974605019699, 16
1481, 250.32783346691525, 16
1482, 250.25173420070203, 16
1483, 252.41520048637724, 16
1484, 250.0509789048472, 16
1485, 247.67982797665138, 16
1486, 247.7280192582446, 16
1487, 247.70739661886512, 16
1488, 245.9114935717706, 16
1489, 245.83928114253732, 16
1490, 246.005051467614, 16
1491, 247.46123938278916, 16
1492, 247.38381169900748, 16
1493, 247.38689399192563, 16
1494, 247.3247347145789, 16
1495, 247.38903286634155, 16
1496, 244.49645206196843, 16
1497, 247.65849515083178, 17
1498, 247.65146470537957, 17
1499, 247.6421072258352, 17
1500, 247.66552337369288, 17
1501, 245.7346246171486, 17
1502, 247.30021288687527, 17
1503, 245.50087635170578, 17
1504, 246.91839831329477, 17
1505, 248.47254931416012, 17
1506, 248.11655403703617, 17
1507, 248.13294834024688, 17
1508, 250.4218175703041, 17
1509, 247.7643737721812, 17
1510, 247.51064466037016, 17
1511, 247.50286235647852, 17
1512, 247.48655168511138, 17
1513, 247.4753277049672, 17
1514, 249.1760152412707, 17
1515, 249.13982227236298, 17
1516, 249.1279845825128, 17
1517, 248.9997811716461, 17
1518, 248.985736232886, 17
1519, 248.9628920496763, 17
1520, 249.01763002405906, 17
1521, 249.0252513102946, 17
1522, 249.02624626309967, 17
1523, 249.06089089000477, 17
1524, 248.96901921928708, 17
1525, 246.35231909026302, 17
1526, 246.467435130186, 17
1527, 248.52567625233343, 17
1528, 248.93590974226575, 17
1529, 250.5496638392956, 17
1530, 252.67958705612088, 17
1531, 256.34014745597295, 17
1532, 252.69432350755383, 17
1533, 254.727250239932, 17
1534, 248.66236073250766, 16
1535, 248.64005357615426, 16
1536, 248.62131048911957, 16
1537, 250.42560915694403, 16
1538, 247.94947826478474, 16
1539, 248.33651659171053, 16
1540, 253.1439086556831, 17
1541, 253.53501759771692, 17
1542, 253.41471512884007, 17
1543, 252.94219605420136, 17
1544, 252.92892653521665, 17
1545, 252.91490085669597, 17
1546, 252.93139128473285, 17
1547, 252.97568116268715, 17
1548, 259.1233749453561, 17
1549, 259.2430530853001, 17
1550, 259.20302867469036, 17
1551, 257.52836642074084, 17
1552, 255.06367369911936, 17
1553, 254.9943591048879, 17
1554, 263.4632258886752, 17
1555, 263.32632217832463, 17
1556, 269.20485770943077, 17
1557, 269.03430918965034, 17
1558, 268.90131418387693, 17
1559, 268.5783701638223, 17
1560, 270.8920502730682, 17
1561, 276.96691227705725, 17
1562, 278.44447997463067, 17
1563, 278.3728153643496, 17
1564, 286.94746586107686, 17
1565, 286.93179255194667, 17
1566, 287.01161985400654, 17
1567, 286.94137026528574, 17
1568, 286.9266106289224, 17
1569, 289.3043743150555, 17
1570, 289.252444761405, 17
1571, 290.8686667662819, 17
1572, 290.9128489255211, 17
1573, 292.65307016456734, 17
1574, 294.2744167390308, 17
1575, 296.0745470945678, 17
1576, 296.17105249255724, 17
1577, 293.7169737774773, 17
1578, 293.77262044628935, 17
1579, 293.74682014038444, 17
1580, 293.3406561011871, 17
1581, 293.5605147577025, 17
1582, 293.6628603085999, 17
1583, 293.5963666544363, 17
1584, 294.9495091498675, 17
1585, 295.07888231183557, 17
1586, 294.9542397140854, 17
1587, 294.91469759214806, 17
1588, 296.08250683734974, 18
1589, 297.66336004262155, 18
1590, 297.2243488614056, 18
1591, 295.4026428510067, 18
1592, 296.1261606898799, 18
1593, 295.9611774828318, 18
1594, 295.909163785519, 18
1595, 296.0156712902209, 18
1596, 295.91705724637694, 18
1597, 295.84020887799556, 18
1598, 299.63004801330936, 19
1599, 299.7541636174023, 19
1600, 299.7025060290637, 19
1601, 299.65306373272205, 19
1602, 297.0653740702265, 19
1603, 297.0430372582326, 19
1604, 294.41812543224955, 19
1605, 292.5975750127916, 19
1606, 294.7657377056254, 19
1607, 294.8846365249097, 19
1608, 294.7335668639331, 19
1609, 292.98454947436585, 19
1610, 292.9844679715083, 19
1611, 293.03784121767035, 19
1612, 292.98795020712663, 19
1613, 292.9427128720193, 19
1614, 294.5475589200942, 19
1615, 296.24590295326584, 19
1616, 296.1709182554538, 19
1617, 296.21924518588065, 19
1618, 298.5134664817442, 19
1619, 298.4555685717305, 19
1620, 299.79313124855895, 19
1621, 299.46073036817734, 19
1622, 296.4189251499996, 18
1623, 296.4174376719233, 18
1624, 296.275968546595, 18
1625, 295.49420441543924, 18
1626, 288.5506134738125, 18
1627, 286.76045527554083, 18
1628, 284.2237361158951, 18
1629, 284.0868792236933, 18
1630, 282.4057104220709, 18
1631, 285.2422154241063, 18
1632, 285.24788262625026, 18
1633, 286.37246762758593, 18
1634, 283.0266820388865, 18
1635, 283.1261674824035, 18
1636, 284.48166134368523, 18
1637, 288.2063224990521, 18
1638, 288.2695771865684, 18
1639, 289.90561948580273, 18
1640, 298.2599512927806, 18
1641, 298.34724826047886, 18
1642, 296.40260879762855, 18
1643, 298.5725377511718, 18
1644, 298.6717972200211, 18
1645, 296.88521565495165, 18
1646, 294.75819757342225, 17
1647, 294.7137493502297, 17
1648, 296.24153879369044, 17
1649, 296.2275994652249, 17
1650, 296.22103642180514, 17
1651, 294.58803264950086, 17
1652, 294.59812020333237, 17
1653, 294.65511548361303, 17
1654, 294.52611623366096, 17
1655, 294.55017993117076, 17
1656, 293.23424370658023, 17
1657, 293.04861082264085, 17
1658, 292.7647373248704, 17
1659, 292.7169079759514, 17
1660, 292.81044247910785, 17
1661, 294.598042270909, 17
1662, 294.50760475725707, 17
1663, 295.77767012796096, 17
1664, 297.2464952862781, 17
1665, 294.7417175518707, 17
1666, 294.60645692733146, 17
1667, 294.5419191699332, 17
1668, 294.595843300613, 17
1669, 294.5323812983627, 17
1670, 294.6056348553085, 17
1671, 294.20308165901594, 17
1672, 297.9100950520005, 18
1673, 297.8123963350068, 18
1674, 298.9121022995869, 18
1675, 300.46336331474276, 18
1676, 300.2717734882387, 18
1677, 300.1863553174956, 18
1678, 300.20805945266864, 18
1679, 300.6712227766586, 18
1680, 300.80562433196377, 18
1681, 309.5076247254405, 18
1682, 319.11080752009786, 19
1683, 320.4808783034141, 19
1684, 320.06496813411894, 19
1685, 321.1219654103459, 20
1686, 325.189553529944, 21
1687, 325.19203663493533, 21
1688, 340.8523713389412, 22
1689, 340.9638921247625, 22
1690, 346.44711143929754, 23
1691, 346.42750085367345, 23
1692, 344.4484563686894, 22
1693, 344.4309236741919, 22
1694, 344.53825293493156, 22
1695, 346.8161613358981, 22
1696, 346.85519478686723, 22
1697, 346.8544911157456, 22
1698, 346.88284154422644, 22
1699, 346.75223773695456, 22
1700, 346.85848062873544, 22
1701, 346.6590245910671, 22
1702, 346.7143715614822, 22
1703, 346.59124246611856, 22
1704, 346.6488878147152, 22
1705, 346.66875673663117, 22
1706, 348.7539429096093, 22
1707, 346.36668166710285, 22
1708, 346.2773308867251, 22
1709, 346.3608326252357, 22
1710, 346.30267105262175, 22
1711, 344.5331905858272, 22
1712, 346.0105320698135, 22
1713, 345.86193072232516, 22
1714, 345.90608446693403, 22
1715, 345.9756933298173, 22
1716, 345.8514134469621, 22
1717, 344.17745735426763, 22
1718, 344.16574526181853, 22
1719, 344.24959500832216, 22
1720, 344.216186668407, 22
1721, 344.189757094204, 22
1722, 344.278909634059, 22
1723, 355.1217938084738, 22
1724, 355.11170839624856, 22
1725, 355.1363363817599, 22
1726, 357.27552774755003, 22
1727, 357.2633380309213, 22
1728, 356.76274536557287, 22
1729, 354.2654905303643, 22
1730, 354.0649242746908, 22
1731, 353.77275210366633, 22
1732, 355.57761679959054, 22
1733, 334.26985538250625, 22
1734, 337.1955185998827, 22
1735, 337.0751840688995, 22
1736, 337.12172734696173, 22
1737, 338.61702851551036, 22
1738, 338.571209771794, 22
1739, 348.92941261694733, 23
1740, 348.80814797015313, 23
1741, 352.91381039984424, 23
1742, 352.88752179941525, 23
1743, 352.8299501808675, 23
1744, 352.87087025128574, 23
1745, 352.74949762408335, 23
1746, 352.89227641871184, 23
1747, 352.88998792189534, 23
1748, 346.7545403763959, 23
1749, 346.5871241678467, 23
1750, 346.7997545659307, 23
1751, 343.86032266353914, 23
1752, 343.87936736863276, 23
1753, 347.8578176458699, 23
1754, 347.76681750228624, 23
1755, 342.85738495603283, 22
1756, 342.8166073400798, 22
1757, 342.7896139728733, 22
1758, 342.7626096943094, 22
1759, 344.38201209821403, 22
1760, 344.43204001338086, 22
1761, 344.4704214339709, 22
1762, 344.3066084331837, 22
1763, 344.39456499200185, 22
1764, 344.2671497005976, 22
1765, 346.22204899423053, 22
1766, 344.61188465963954, 22
1767, 344.41683764838297, 22
1768, 344.56684155934903, 22
1769, 344.3528640513361, 22
1770, 344.3319706533696, 22
1771, 352.98720350795037, 22
1772, 354.4394241133331, 22
1773, 354.5170227290336, 22
1774, 354.45653919794535, 22
1775, 353.50124502808956, 22
1776, 353.11529506327753, 22
1777, 353.0610287035604, 22
1778, 351.2999121936614, 22
1779, 360.0762264054929, 22
1780, 360.16031605923246, 22
1781, 372.820723729412, 22
1782, 372.52606467787285, 22
1783, 372.43661748601494, 22
1784, 372.52130847344347, 22
1785, 374.04445814666656, 22
1786, 374.04173887475446, 22
1787, 373.94821112271495, 22
1788, 355.8287045302452, 22
1789, 359.0428993498459, 22
1790, 360.7768565615072, 22
1791, 364.27752954836825, 23
1792, 361.97697403980936, 22
1793, 361.9584677352509, 22
1794, 361.93073214986754, 22
1795, 361.9732184151095, 22
1796, 361.96953451975935, 22
1797, 361.9172164451595, 22
1798, 365.8227150138845, 22
1799, 365.6700333469688, 22
1800, 365.7341524140295, 22
1801, 369.06766083565157, 23
1802, 368.9451249904735, 23
1803, 369.082097016233, 23
1804, 369.0049965162406, 23
1805, 373.78046273517725, 24
1806, 375.2396125677178, 24
1807, 375.2374059926529, 24
1808, 375.3697953263809, 24
1809, 375.3443559738948, 24
1810, 375.3243332595506, 24
1811, 375.4198830504828, 24
1812, 375.34288201032604, 24
1813, 375.3928396260029, 24
1814, 375.0361991654971, 24
1815, 375.21571815970844, 24
1816, 375.15781141698164, 24
1817, 378.71402909753874, 25
1818, 376.90314366082185, 25
1819, 376.8711072432042, 25
1820, 377.0025891234477, 25
1821, 378.5897467633111, 25
1822, 378.6600821811292, 25
1823, 378.6036382136294, 25
1824, 378.74543500395174, 25
1825, 378.42775827580886, 25
1826, 378.52024328576147, 25
1827, 378.43244679942103, 25
1828, 380.0758963049391, 25
1829, 378.33210691024993, 25
1830, 378.34219345535115, 25
1831, 378.4625889533234, 25
1832, 379.9557900004794, 25
1833, 379.9888626451562, 25
1834, 379.9918610831455, 25
1835, 378.14684764697944, 25
1836, 378.04651433284073, 25
1837, 378.0527178046385, 25
1838, 377.96067866089135, 25
1839, 377.9090871383325, 25
1840, 378.00672223688224, 25
1841, 386.2949685997408, 25
1842, 386.30062112309184, 25
1843, 386.364079378595, 25
1844, 386.4006477055386, 25
1845, 386.233601039601, 25
1846, 386.2366901677572, 25
1847, 386.271090631052, 25
1848, 389.5310179915169, 26
1849, 382.48372536143114, 25
1850, 382.41486627422177, 25
1851, 384.1188008172683, 25
1852, 379.57340454819763, 25
1853, 379.5367793817221, 25
1854, 379.3327936667928, 25
1855, 377.5769686082595, 25
1856, 377.5568768958982, 25
1857, 377.54104858505826, 25
1858, 377.64841863586366, 25
1859, 377.6031528290988, 25
1860, 377.674721012559, 25
1861, 375.74266763208374, 25
1862, 373.8937288121238, 25
1863, 384.10149941027305, 25
1864, 384.01321885189685, 25
1865, 386.1976003702871, 25
1866, 387.8444018542623, 25
1867, 387.8477855711323, 25
1868, 387.8392113809002, 25
1869, 387.8990537418191, 25
1870, 387.7951401105018, 25
1871, 387.8070167499607, 25
1872, 387.88104063668766, 25
1873, 385.14422286212874, 25
1874, 385.1806533344748, 25
1875, 385.1649847525546, 25
1876, 385.041261753778, 25
1877, 388.78268732145375, 26
1878, 388.851493197781, 26
1879, 388.8051811523277, 26
1880, 385.815525211908, 26
1881, 385.9321709281629, 26
1882, 385.9544495375791, 26
1883, 385.650030371147, 26
1884, 389.5736266241262, 26
1885, 386.2976865696502, 25
1886, 386.3517556892376, 25
1887, 385.4502739529253, 25
1888, 389.0803054245003, 26
1889, 391.1809814240098, 26
1890, 391.29333478269734, 26
1891, 391.23807257715805, 26
1892, 398.8192947983672, 26
1893, 398.9270649143128, 26
1894, 398.90104937198475, 26
1895, 398.910006850772, 26
1896, 398.87577948072015, 26
1897, 398.9240178242659, 26
1898, 401.2883865530011, 26
1899, 401.1434557140465, 26
1900, 401.25317279668525, 26
1901, 401.1287401235399, 26
1902, 401.56939796152136, 26
1903, 402.9597809007515, 26
1904, 402.9616185468768, 26
1905, 402.56165675544935, 26
1906, 402.61480263841077, 26
1907, 402.5076122024301, 26
1908, 402.31508673236743, 26
1909, 402.2890417888426, 26
1910, 403.9231296595986, 26
1911, 401.9205484894034, 26
1912, 404.1956955482076, 26
1913, 404.18214995640807, 26
1914, 404.1902939787832, 26
1915, 404.10950635232996, 26
1916, 395.7109131976836, 25
1917, 395.643287852275, 25
1918, 395.54644523297833, 25
1919, 395.55452292844905, 25
1920, 395.5145678970649, 25
1921, 395.7011609395206, 25
1922, 395.638236677909, 25
1923, 395.6417794439607, 25
1924, 395.57605279110936, 25
1925, 395.6430217869118, 25
1926, 395.5583970625369, 25
1927, 395.51010976239485, 25
1928, 397.43788739479515, 25
1929, 397.34910949077397, 25
1930, 397.33551359812134, 25
1931, 399.77201294983803, 26
1932, 395.8171719863915, 26
1933, 395.80269078419633, 26
1934, 404.58357971107586, 26
1935, 404.70777226451753, 26
1936, 414.9281390094859, 26
1937, 414.9707043706285, 26
1938, 414.9074028555932, 26
1939, 405.1105983650488, 26
1940, 406.3791011510755, 26
1941, 406.2251950678221, 26
1942, 408.5945237511385, 26
1943, 413.1832482005088, 26
1944, 414.42263585327356, 26
1945, 412.52145895277783, 26
1946, 410.73036700261963, 26
1947, 410.2603350735518, 26
1948, 411.85791976038183, 26
1949, 422.22447305738405, 26
1950, 421.5121643635346, 26
1951, 425.3691776318316, 26
1952, 425.3580776349186, 26
1953, 425.20161847438493, 26
1954, 425.06276893387076, 26
1955, 425.121499796538, 26
1956, 425.19212737651634, 26
1957, 425.124317110636, 26
1958, 425.12126834718094, 26
1959, 423.6061384672085, 26
1960, 423.48771783620225, 26
1961, 423.13910290341795, 26
1962, 423.12388119263926, 26
1963, 423.12482958172654, 26
1964, 424.80981920238946, 26
1965, 424.87491816622423, 26
1966, 424.8307966399878, 26
1967, 426.27543976012896, 26
1968, 432.96107254513277, 27
1969, 432.96749121493394, 27
1970, 431.0672367340393, 27
1971, 428.3004855205744, 27
1972, 436.5032303750031, 27
1973, 438.81188331677197, 27
1974, 438.8524167776716, 27
1975, 438.73109515001295, 27
1976, 438.6973171801187, 27
1977, 438.62511080143815, 27
1978, 438.6799126652618, 27
1979, 438.5714444831185, 27
1980, 438.29901245800255, 27
1981, 438.3080339065227, 27
1982, 436.1254984873804, 27
1983, 436.14737815002655, 27
1984, 438.47232919838893, 27
1985, 440.34007195807453, 27
1986, 441.95597295209967, 27
1987, 442.00581414690345, 27
1988, 441.9497282440416, 27
1989, 441.80152302364684, 27
1990, 443.448648196462, 27
1991, 443.4567662833559, 27
1992, 443.70319774322184, 27
1993, 445.2424079026696, 27
1994, 445.1701228731558, 27
1995, 445.09603252965877, 27
1996, 445.1678683949078, 27
1997, 456.540401737193, 27
1998, 456.54727875384043, 27
1999, 458.48773140582057, 27
2000, 461.77610007163355, 27
2001, 461.82994011108127, 27
2002, 461.69516552231784, 27
2003, 459.4298939580957, 27
2004, 459.1922264784195, 27
2005, 459.2135391119615, 27
2006, 459.3122864490477, 27
2007, 459.34930984005103, 27
2008, 459.0579087726771, 27
2009, 459.1183356405811, 27
2010, 460.90444357901373, 27
2011, 458.8397924218319, 27
2012, 458.6627338578082, 27
2013, 458.2516941700646, 27
2014, 457.11627671376203, 27
2015, 466.17712356936727, 27
2016, 466.1799665588177, 27
2017, 466.19303161207415, 27
2018, 466.1514488046209, 27
2019, 466.1636345419265, 27
2020, 466.21119964360116, 27
2021, 470.34531644316564, 27
2022, 470.71437043269157, 27
2023, 473.4115868032218, 27
2024, 473.43317684998954, 27
2025, 473.43451101284256, 27
2026, 472.8565231821399, 27
2027, 474.7021570838725, 27
2028, 474.6044626006117, 27
2029, 476.54243924964624, 27
2030, 476.4849944244006, 27
2031, 481.10773690206463, 28
2032, 481.1247174794803, 28
2033, 482.8589034220835, 28
2034, 482.96613200122, 28
2035, 482.8927922238357, 28
2036, 482.6660946132067, 28
2037, 482.4761243550689, 28
2038, 482.5191576071687, 28
2039, 482.53912109544274, 28
2040, 490.8677558979758, 28
2041, 490.85561463978115, 28
2042, 490.84634038364277, 28
2043, 491.0430390885032, 28
2044, 490.9978521922478, 28
2045, 491.09749777007676, 28
2046, 490.96880727130906, 28
2047, 491.02169647434425, 28
2048, 490.97638277013425, 28
2049, 490.91958201985324, 28
2050, 491.186896243953, 28
2051, 491.0138072153569, 28
2052, 491.0398879462024, 28
2053, 490.9402464706561, 28
2054, 491.0990742368788, 28
2055, 486.5180887562873, 27
2056, 489.35860654684575, 27
2057, 489.4554282804247, 27
2058, 492.51631007106414, 27
2059, 492.62174108278475, 27
2060, 497.2600464131902, 28
2061, 493.3885008891239, 28
2062, 493.4435105645823, 28
2063, 495.41255495934587, 28
2064, 495.36812320001695, 28
2065, 495.3548779786592, 28
2066, 495.3434854739478, 28
2067, 497.7320329889587, 29
2068, 504.7190145721401, 29
2069, 511.58803818212346, 29
2070, 511.62406035316036, 29
2071, 511.4978942494769, 29
2072, 511.5599138761972, 29
2073, 511.4384391710075, 29
2074, 501.76125012881676, 29
2075, 512.426649645528, 29
2076, 514.5041059863024, 29
2077, 514.5511078784813, 29
2078, 514.442634820634, 29
2079, 514.3466745418476, 29
2080, 518.8762208384455, 30
2081, 518.7368199040842, 30
2082, 518.8069777808511, 30
2083, 525.3237409663865, 30
2084, 528.2145572134701, 30
2085, 526.289109679901, 30
2086, 523.9786427840893, 30
2087, 517.6474816533462, 30
2088, 517.6886130379983, 30
2089, 517.5578756241392, 30
2090, 517.7667715065571, 30
2091, 517.2740997833907, 30
2092, 519.5677551459092, 30
2093, 519.6927901410373, 30
2094, 520.5219787694034, 30
2095, 520.1097076616771, 30
2096, 521.4720279706818, 30
2097, 525.6849560589841, 30
2098, 525.6588542730566, 30
2099, 527.9970901413775, 30
2100, 528.0416409517627, 30
2101, 526.8421564644236, 30
2102, 526.842721541128, 30
2103, 526.8527478256092, 30
2104, 529.18496254987, 30
2105, 529.1976235068008, 30
2106, 529.3255182843266, 30
2107, 526.4526583394108, 30
2108, 535.4844358709065, 30
2109, 537.3143382001579, 30
2110, 546.2149034987352, 30
2111, 547.7264857759541, 30
2112, 553.1027823020828, 31
2113, 552.9582195347446, 31
2114, 552.8274941420201, 31
2115, 553.0288938891046, 31
2116, 555.3200158627216, 31
2117, 555.2583775472361, 31
2118, 554.9961837558797, 31
2119, 556.8061761534472, 31
2120, 556.8090623482785, 31
2121, 559.2111757695868, 31
2122, 559.2417555103992, 31
2123, 559.207498319827, 31
2124, 557.1458636996472, 31
2125, 567.9054867811077, 32
2126, 568.0476483031836, 32
2127, 570.3825238655977, 32
2128, 570.4759243150703, 32
2129, 569.8405678275776, 32
2130, 569.8240898967307, 32
2131, 569.8065802414941, 32
2132, 571.6193537425095, 32
2133, 573.3173618230677, 32
2134, 573.4736451607399, 32
2135, 573.1107636867955, 32
2136, 573.1054234294248, 32
2137, 573.3402862963754, 32
2138, 570.1336116015149, 32
2139, 572.7895688159721, 32
2140, 572.5284146851759, 32
2141, 572.5647210813493, 32
2142, 572.7667408040988, 32
2143, 572.6923556048299, 32
2144, 572.7041654125609, 32
2145, 574.5587929111144, 32
2146, 576.9399791815633, 32
2147, 576.7765633178738, 32
2148, 575.054594114402, 32
2149, 575.1950471202151, 32
2150, 577.5174111925501, 32
2151, 577.633358702715, 32
2152, 579.6125359194347, 32
2153, 579.382141091682, 32
2154, 579.5023746759399, 32
2155, 588.611707961708, 32
2156, 567.5121775482538, 32
2157, 567.3389584327177, 32
2158, 569.5602009690709, 32
2159, 573.5147687130627, 31
2160, 571.8021710400049, 31
2161, 571.6913471165323, 31
2162, 571.6970105233435, 31
2163, 571.6773256410362, 31
2164, 571.7989549004966, 31
2165, 571.3414878420832, 31
2166, 576.5420239848028, 32
2167, 576.588661403099, 32
2168, 578.2822542688607, 32
2169, 578.9926600197902, 32
2170, 579.2244239732265, 32
2171, 579.0563096426002, 32
2172, 587.55640504051, 32
2173, 589.8753503213472, 32
2174, 589.8267739877458, 32
2175, 589.4294018596286, 32
2176, 594.378956012753, 32
2177, 594.4909817847574, 32
2178, 594.2887784436334, 32
2179, 605.0627042342564, 32
2180, 607.4907219752123, 32
2181, 607.2264048035711, 32
2182, 607.1940446194059, 32
2183, 593.9139572220272, 32
2184, 591.7667618645322, 32
2185, 593.474924006394, 32
2186, 593.4814263227441, 32
2187, 593.6251752352186, 32
2188, 595.6752940349648, 32
2189, 593.4801328565118, 32
2190, 593.5200089028388, 32
2191, 590.2971607519661, 32
2192, 590.3818726233335, 32
2193, 590.2316331433009, 32
2194, 595.5508175587086, 33
2195, 595.276847503117, 33
2196, 597.541847235184, 33
2197, 597.4153866954563, 33
2198, 594.995747261565, 33
2199, 594.9784225558568, 33
2200, 593.0553159932228, 32
2201, 592.8565794638663, 32
2202, 593.0878706393228, 32
2203, 592.9391061029988, 32
2204, 591.0301645388282, 31
2205, 591.0366911521533, 31
2206, 594.3319429740166, 32
2207, 594.531603210407, 32
2208, 594.4420855331311, 32
2209, 594.2384415041975, 32
2210, 594.4660859380531, 32
2211, 592.5631423538971, 32
2212, 592.5793499749745, 32
2213, 594.5851717070211, 32
2214, 596.3520120789708, 32
2215, 596.4428403825946, 32
2216, 594.3517757755615, 32
2217, 594.3582669552475, 32
2218, 594.2743214648046, 32
2219, 594.3614330413427, 32
2220, 592.4955780433997, 32
2221, 595.8631631931044, 33
2222, 597.5539995927177, 33
2223, 597.4742924660061, 33
2224, 597.4459987879601, 33
2225, 597.3245901917002, 33
2226, 597.4141655818578, 33
2227, 601.4356728980232, 33
2228, 601.5166964450679, 33
2229, 601.6091720296718, 33
2230, 601.4520304985502, 33
2231, 601.478172219484, 33
2232, 601.468178202109, 33
2233, 601.5289664288067, 33
2234, 601.3842669342317, 33
2235, 603.3025586454639, 32
2236, 604.439038751357, 33
2237, 607.9069286647813, 34
2238, 601.2625429870545, 33
2239, 601.0106400365488, 33
2240, 602.5421046093247, 33
2241, 604.2112625406777, 33
2242, 606.1192526944816, 33
2243, 608.9021406914347, 34
2244, 608.6638339458933, 34
2245, 608.7208469981736, 34
2246, 608.7725232969004, 34
2247, 613.3341175974025, 35
2248, 613.3772870800974, 35
2249, 613.1165143511589, 35
2250, 617.5709690633394, 35
2251, 626.7091915441047, 35
2252, 634.2138845290913, 36
2253, 630.191433011144, 36
2254, 630.0238333348746, 36
2255, 630.0791080564517, 36
2256, 630.1065026169891, 36
2257, 630.0163835604806, 36
2258, 629.996849644534, 36
2259, 629.954418260753, 36
2260, 630.0939208121274, 36
2261, 627.1572466840007, 35
2262, 627.0946294579892, 35
2263, 624.9788941859387, 35
2264, 622.9898512895255, 35
2265, 623.182668860176, 35
2266, 621.3532439786588, 35
2267, 621.1218509841082, 35
2268, 622.9646177732085, 35
2269, 621.5512247369664, 35
2270, 625.6025984163085, 35
2271, 622.1059738635837, 35
2272, 621.8959615198129, 35
2273, 623.2690125469602, 35
2274, 634.1206270595131, 35
2275, 634.1514372973996, 35
2276, 635.7399512852058, 35
2277, 629.2931979341073, 34
2278, 629.3047356357148, 34
2279, 626.7946999460481, 34
2280, 626.5804097360946, 34
2281, 626.6250564579178, 34
2282, 624.638087121566, 34
2283, 628.8932448652457, 34
2284, 630.6736945632921, 34
2285, 630.4801290690162, 34
2286, 632.0972688116314, 34
2287, 632.3734109678263, 34
2288, 641.6519713120989, 34
2289, 641.196252848133, 34
2290, 641.2582804545629, 34
2291, 641.433255306138, 34
2292, 639.4843560122064, 34
2293, 639.3962176121028, 34
2294, 641.2070446144088, 34
2295, 641.0049658251581, 34
2296, 640.9975696976315, 34
2297, 642.6194349095304, 34
2298, 649.4326289561277, 34
2299, 650.9987532295186, 34
2300, 653.450760297918, 34
2301, 657.7971990879956, 35
2302, 661.186610628896, 35
2303, 662.9597162937704, 36
2304, 662.7788956883064, 36
2305, 672.1877722910759, 36
2306, 674.1439299546064, 36
2307, 673.3803256910459, 36
2308, 671.4944088345402, 36
2309, 676.4595836162516, 36
2310, 677.886721040368, 36
2311, 677.9685498479649, 36
2312, 677.9067327162305, 36
2313, 675.8675760957706, 36
2314, 675.8925599148952, 36
2315, 677.4792555644717, 36
2316, 680.9584621130069, 36
2317, 681.0695001083928, 36
2318, 679.2088731960014, 36
2319, 680.5286317384551, 36
2320, 675.3642770305827, 36
2321, 675.3795488472864, 36
2322, 686.9769935365772, 36
2323, 686.5347546915108, 36
2324, 689.2053237228998, 36
2325, 689.2602756749495, 36
2326, 689.1453266745328, 36
2327, 689.2040610699277, 36
2328, 691.0633843161382, 36
2329, 693.0600465472016, 36
2330, 694.8272533460636, 36
2331, 696.6908701066444, 36
2332, 700.1620247839279, 37
2333, 700.1364518460547, 37
2334, 700.3402665937098, 37
2335, 698.0826806388949, 37
2336, 693.9570304959345, 37
2337, 695.5838144211906, 37
2338, 695.7830318130265, 37
2339, 702.1194470682271, 38
2340, 702.1087948087983, 38
2341, 704.8095583129451, 38
2342, 702.2327836557569, 38
2343, 702.3626835610485, 38
2344, 702.3659640117781, 38
2345, 704.0919351980525, 38
2346, 704.0353665557865, 38
2347, 704.1990460650512, 38
2348, 702.3370097372937, 38
2349, 702.108861126096, 38
2350, 705.937040910257, 39
2351, 705.9165057254959, 39
2352, 705.9138979649704, 39
2353, 705.9955308626951, 39
2354, 705.7435351254439, 39
2355, 705.315679684946, 39
2356, 705.2224533921897, 39
2357, 706.34662182901, 39
2358, 706.5231038901155, 39
2359, 706.3456788252256, 39
2360, 706.5535619662837, 39
2361, 706.6989175293992, 39
2362, 708.2298735720545, 39
2363, 708.057555256259, 39
2364, 706.2712262013948, 39
2365, 715.8363416573515, 39
2366, 720.6277015052196, 40
2367, 720.7646756456487, 40
2368, 730.3924255553513, 40
2369, 730.3632060085778, 40
2370, 730.2675982961296, 40
2371, 730.1183788327523, 40
2372, 728.5435496586202, 40
2373, 730.3750416311159, 40
2374, 730.3860237197829, 40
2375, 730.4985094838627, 40
2376, 737.0931559176247, 40
2377, 737.2537769253713, 40
2378, 736.9402722562934, 40
2379, 737.1244474467098, 40
2380, 737.3307087873052, 40
2381, 737.2494858934313, 40
2382, 720.0891642692673, 40
2383, 722.859998927989, 40
2384, 724.5706438082975, 40
2385, 724.3428223746455, 40
2386, 724.6005450945884, 40
2387, 728.3323221935234, 41
2388, 728.4608377421548, 41
2389, 728.3241695496515, 41
2390, 728.3267439291205, 41
2391, 737.6499684279609, 41
2392, 737.6877755157932, 41
2393, 737.5727030282656, 41
2394, 737.7208334948575, 41
2395, 734.5183507442243, 41
2396, 737.1299985529888, 41
2397, 737.1333166446032, 41
2398, 737.0010994020265, 41
2399, 737.1020376470415, 41
2400, 736.9440502089233, 41
2401, 737.1992586351773, 41
2402, 733.7616841112354, 41
2403, 733.6043336503324, 41
2404, 730.7016294224968, 41
2405, 728.6948982714471, 41
2406, 728.4564304871224, 41
2407, 730.9634022948715, 41
2408, 731.0029998195075, 41
2409, 729.0492235037118, 41
2410, 738.4294428422213, 41
2411, 738.4183269283033, 41
2412, 729.1291382933231, 41
2413, 728.9994606351032, 41
2414, 729.0626837683598, 41
2415, 729.1167450126896, 41
2416, 729.2898342777643, 41
2417, 731.8071571723439, 41
2418, 728.6866053975069, 41
2419, 730.6051416887418, 41
2420, 730.1864203760059, 41
2421, 730.2735696809544, 41
2422, 730.3093669954688, 41
2423, 718.570884572945, 41
2424, 720.7673250246248, 41
2425, 722.1691949687868, 41
2426, 719.8678768941328, 41
2427, 702.7218412332566, 41
2428, 702.5818230162145, 41
2429, 698.4567545858375, 41
2430, 700.6498983288103, 41
2431, 700.0417278550485, 41
2432, 700.0810905694347, 41
2433, 700.029540695086, 41
2434, 701.4860361317909, 41
2435, 699.4594786840963, 41
2436, 697.4148405280454, 41
2437, 704.2505242294966, 41
2438, 704.2411773844672, 41
2439, 708.2060415423788, 41
2440, 706.7757376498977, 41
2441, 706.5256954424885, 41
2442, 706.2222328260849, 41
2443, 707.7609894584949, 41
2444, 707.0576793877444, 41
2445, 706.8895584508807, 41
2446, 709.8138958173412, 41
2447, 711.8616401936779, 41
2448, 709.6176448841429, 41
2449, 711.5942489811912, 41
2450, 711.936356102279, 41
2451, 720.1757053826385, 41
2452, 720.1293081496656, 41
2453, 720.1932439392405, 41
2454, 719.4831052601488, 41
2455, 719.2307306463289, 41
2456, 714.3199939879651, 40
2457, 715.7932723608166, 41
2458, 719.3204246455364, 41
2459, 714.4992435940643, 40
2460, 714.4977589860471, 40
2461, 714.4669371696943, 40
2462, 715.9092464363517, 40
2463, 696.7287190362111, 40
2464, 696.688399156338, 40
2465, 696.714574931301, 40
2466, 696.7697446322833, 40
2467, 696.7044221598571, 40
2468, 696.6891412547824, 40
2469, 694.460839434775, 40
2470, 694.5724161884541, 40
2471, 694.2733512250903, 40
2472, 694.1886837129593, 40
2473, 685.9990808746884, 40
2474, 685.9595829110552, 40
2475, 687.2518803041197, 40
2476, 685.14199879188, 40
2477, 685.0125799779856, 40
2478, 683.3712703858869, 40
2479, 693.3095790639923, 40
2480, 693.1167360956099, 40
2481, 690.7928719709244, 40
2482, 694.5153283375392, 41
2483, 691.1331439941547, 41
2484, 691.0309871925433, 41
2485, 690.9089469859346, 41
2486, 693.002666521782, 41
2487, 692.3997749948313, 41
2488, 690.5392553185792, 41
2489, 690.3281220503297, 41
2490, 695.4975981111379, 41
2491, 692.1226917822125, 40
2492, 694.4987166313848, 40
2493, 694.1819478982186, 40
2494, 694.2342767909978, 40
2495, 694.3814356940792, 40
2496, 694.207262428686, 40
2497, 694.1716862554956, 40
2498, 692.5035076733234, 40
2499, 686.5880597821894, 40
2500, 689.0629591602949, 40
2501, 689.085249646223, 40
2502, 688.7107925904621, 40
2503, 688.4946141066919, 40
2504, 688.6940287614576, 40
2505, 688.5451573116965, 40
2506, 688.6135568305127, 40
2507, 688.0406033377224, 40
2508, 684.8800887315322, 40
2509, 684.5799141437805, 40
2510, 684.9855249565638, 40
2511, 684.9685776062274, 40
2512, 689.8128496265041, 40
2513, 692.4312476222833, 40
2514, 692.3890515918121, 40
2515, 692.611303763981, 40
2516, 692.218930396996, 40
2517, 692.0612969247364, 40
2518, 691.3766808973216, 40
2519, 691.3944418078123, 40
2520, 690.7961963193272, 40
2521, 694.4136716090864, 41
2522, 694.4207004279605, 41
2523, 694.2494222659683, 41
2524, 691.3202791186704, 41
2525, 693.8934728220985, 41
2526, 689.7539728106517, 41
2527, 692.4143933745167, 41
2528, 692.352601691626, 41
2529, 691.8741776856062, 41
2530, 691.9931837537607, 41
2531, 691.7411896390743, 41
2532, 691.5682169332869, 41
2533, 691.8071864138909, 41
2534, 691.5641247802691, 41
2535, 688.5434149769357, 41
2536, 688.2405477771391, 41
2537, 690.2118469534097, 41
2538, 686.9171414213766, 41
2539, 693.0899211709716, 41
2540, 689.1387112176117, 41
2541, 691.7275326177014, 41
2542, 694.100274502543, 41
2543, 691.2223782179584, 41
2544, 693.335851922821, 41
2545, 691.4621389159244, 41
2546, 691.4287710651363, 41
2547, 675.3615880980489, 41
2548, 674.9953677736595, 41
2549, 683.9642352706957, 41
2550, 685.4119887492511, 41
2551, 680.86552553085, 40
2552, 681.8478889103118, 40
2553, 681.5855288298136, 40
2554, 681.9124340734612, 40
2555, 681.8345437325228, 40
2556, 689.7170540120236, 40
2557, 689.9292453557274, 40
2558, 696.2819078284912, 40
2559, 696.4208936213389, 40
2560, 698.7757021593103, 40
2561, 699.0022406397073, 40
2562, 701.4974631600829, 40
2563, 709.707146255004, 40
2564, 707.6389968168513, 40
2565, 707.5693285594128, 40
2566, 712.2453314319949, 41
2567, 708.9248491589545, 41
2568, 711.6398267306491, 41
2569, 711.5042476129132, 41
2570, 714.0969993658617, 41
2571, 716.5639007098672, 41
2572, 725.1309153633698, 41
2573, 728.497399315661, 41
2574, 725.516200956402, 41
2575, 725.4226836857459, 41
2576, 727.8545959219481, 41
2577, 727.9359518442274, 41
2578, 727.8016407380043, 41
2579, 728.0937889467515, 41
2580, 734.3434760080944, 41
2581, 744.8334854217718, 41
2582, 744.8447269755869, 41
2583, 746.7004702651524, 41
2584, 746.8203865653942, 41
2585, 746.9517462495904, 41
2586, 750.3739810294227, 42
2587, 750.2328111923333, 42
2588, 752.349484234744, 42
2589, 752.5071420728899, 42
2590, 752.5448982594381, 42
2591, 754.1071146275555, 42
2592, 756.6068230080065, 42
2593, 754.3584856431931, 42
2594, 743.6998544425511, 42
2595, 743.4104177958353, 42
2596, 743.4074424887577, 42
2597, 743.4266215620374, 42
2598, 743.4757368671866, 42
2599, 741.1048994707135, 42
2600, 741.229070537054, 42
2601, 738.8663343844439, 42
2602, 736.7455294668466, 42
2603, 738.2702119964918, 42
2604, 746.6166050917336, 42
2605, 746.6873292003829, 42
2606, 743.6269550949904, 42
2607, 746.2581174335972, 42
2608, 743.1677436300142, 42
2609, 741.2192498836395, 42
2610, 743.2494660005488, 42
2611, 746.0660691673453, 42
2612, 747.3655832099216, 42
2613, 747.1327906108039, 42
2614, 747.3011880166745, 42
2615, 747.1183297867209, 42
2616, 747.1200645409556, 42
2617, 746.9130587868153, 42
2618, 746.9875258053419, 42
2619, 747.1122987755956, 42
2620, 747.0628413981586, 42
2621, 745.1561976087293, 42
2622, 744.4072629888517, 42
2623, 744.5451865262992, 42
2624, 746.2162500771175, 43
2625, 734.7037058869515, 41
2626, 734.6705312715568, 41
2627, 732.6958714439526, 41
2628, 730.4689167363564, 41
2629, 730.5460334453851, 41
2630, 734.3027001450947, 41
2631, 734.2695754348662, 41
2632, 737.0246840253612, 41
2633, 736.36298372112, 41
2634, 742.3703793822925, 41
2635, 739.1186854203689, 41
2636, 739.4826754693705, 41
2637, 739.1673492071978, 41
2638, 739.2662014755462, 41
2639, 739.3901589614353, 41
2640, 739.2747782961891, 41
2641, 739.3284747990091, 41
2642, 738.5331576650914, 41
2643, 740.3817788363868, 41
2644, 740.7722619563806, 41
2645, 735.8681239066989, 41
2646, 733.8494031675272, 41
2647, 733.8180645299968, 41
2648, 733.0902788717566, 41
2649, 730.1085407758719, 41
2650, 732.6161528099183, 41
2651, 736.4220078920379, 42
2652, 736.4024763983949, 42
2653, 735.8821467187224, 41
2654, 735.6307395101211, 41
2655, 738.1527863588215, 41
2656, 738.0783808150594, 41
2657, 739.4486116021639, 41
2658, 741.1718676472602, 41
2659, 740.8637916709306, 41
2660, 740.929427752739, 41
2661, 739.0832667571675, 41
2662, 739.1631748081246, 41
2663, 740.6755875708334, 41
2664, 740.7327269790678, 41
2665, 740.4297646523494, 41
2666, 749.088238591146, 41
2667, 744.8925560785945, 41
2668, 753.5198197739547, 41
2669, 755.6597041083494, 41
2670, 755.6423941143578, 41
2671, 765.5647498674306, 41
2672, 765.5646435245574, 41
2673, 766.9694722733205, 41
2674, 767.0368111707354, 41
2675, 766.8861433160135, 41
2676, 777.50445553392, 41
2677, 777.6659499056466, 41
2678, 779.9749193118095, 41
2679, 781.4814900851695, 41
2680, 781.1989982618742, 41
2681, 777.9741132357448, 41
2682, 778.2058712735296, 41
2683, 772.1152001387592, 41
2684, 754.7399346220924, 41
2685, 751.1109391195109, 41
2686, 751.1861431857907, 41
2687, 750.9224127936907, 41
2688, 752.3059086347679, 41
2689, 752.4863223797632, 41
2690, 761.0484550626138, 41
2691, 760.7556927034866, 41
2692, 769.3179182428588, 41
2693, 771.1794533694946, 41
2694, 771.0806733779518, 41
2695, 768.532375392511, 41
2696, 770.1258401894926, 41
2697, 770.2519342740461, 41
2698, 771.8299182343727, 41
2699, 771.6097824999185, 41
2700, 774.431716774506, 41
2701, 772.7700643221607, 41
2702, 774.644489652491, 41
2703, 771.5791461315366, 41
2704, 772.4889532028319, 41
2705, 773.757717129767, 42
2706, 775.0813767701209, 42
2707, 776.5982349778686, 42
2708, 775.023512889026, 42
2709, 774.9422654598188, 42
