0, 0, 2
1, 0, 2
2, 0, 2
3, 0, 2
4, 0, 2
5, 1.3862943611198906, 2
6, 1.3862943611198906, 2
7, 1.3862943611198906, 2
8, 1.3862943611198906, 2
9, 1.3862943611198906, 2
10, 0, 2
11, 15.591293072669192, 2
12, 4.492486678121306, 2
13, 10.831985401691917, 2
14, 10.605470081576922, 2
15, 4.04003624241807, 2
16, 0.8026827818486046, 2
17, 13.880786979400796, 2
18, 7.980348848408363, 2
19, 7.588422488279359, 2
20, 9.367319161666456, 2
21, 5.963333375564708, 2
22, 2.706143172129391, 2
23, 0.44490254044089755, 2
24, 9.360610665434741, 2
25, 0.4148096313955486, 2
26, 0.22745753065668572, 2
27, 1.4266544565829942, 2
28, 1.5770084087947869, 2
29, 2.39585561821034, 2
30, 1.901201788800671, 2
31, 1.0139980935445312, 2
32, 2.293577241707114, 2
33, 2.7161990645220637, 2
34, 0.1230866346670147, 2
35, 2.706510430963958, 2
36, 0.7536825298586545, 2
37, 2.632980368282238, 2
38, 2.2630259440862877, 2
39, 2.0153829600749913, 2
40, 1.909705390653242, 2
41, 1.8598481576611863, 2
42, 1.7201453068325945, 2
43, 1.695009092202381, 2
44, 4.962673879215997, 2
45, 4.739209497317026, 2
46, 4.5578508511910325, 2
47, 5.437870196021143, 2
48, 6.637468305333525, 2
49, 6.574316210205427, 2
50, 4.246412866652067, 2
51, 4.358114511644552, 2
52, 1.5500819049195147, 2
53, 1.0327441904268764, 2
54, 1.2898167739419673, 2
55, 1.548482642373419, 2
56, 1.3633151923011568, 2
57, 1.294042064068404, 2
58, 0.7122311605073364, 2
59, 0.8389950484465982, 2
60, 0.7488492080693907, 2
61, 1.1525310439515215, 2
62, 1.5348156302026912, 2
63, 1.4459215767542049, 2
64, 1.3665595286808918, 2
65, 0.894192443662432, 2
66, 1.553485629831402, 2
67, 1.4715509744315807, 2
68, 1.1764217742654601, 2
69, 2.988770808277195, 2
70, 2.947727569858068, 2
71, 2.9496661124392096, 2
72, 4.009534896192238, 2
73, 3.9574114570391057, 2
74, 4.2107985900011355, 2
75, 2.8399025284802573, 2
76, 2.8399673324164416, 2
77, 1.2986727875910453, 2
78, 1.1497087233677197, 2
79, 1.2753951177905078, 2
80, 1.0075151628046626, 2
81, 1.2745102968266886, 2
82, 1.2895935583636349, 2
83, 3.767245548766353, 2
84, 1.1695129796025905, 2
85, 1.2756866748546245, 2
86, 0.901974530562273, 2
87, 1.0708019659393369, 2
88, 1.2323296790847575, 2
89, 1.0129693813375364, 2
90, 1.000399189631747, 2
91, 0.6155213544957364, 2
92, 1.0266050912366556, 2
93, 1.1062290217064432, 2
94, 1.1490500007319147, 2
95, 0.9693977401804079, 2
96, 0.889825789849704, 2
97, 1.1077148313689043, 2
98, 0.9841437658733279, 2
99, 1.014766268581721, 2
100, 0.957798188300374, 2
101, 2.5856101769321187, 2
102, 0.8767602621368905, 2
103, 1.011939209715984, 2
104, 0.9015326613122416, 2
105, 0.9233000034227873, 2
106, 1.0518076892276031, 2
107, 0.8815316287858357, 2
108, 0.9855512850862794, 2
109, 2.0593365897713647, 2
110, 3.323004918415603, 2
111, 2.0303191102457863, 2
112, 3.613933910232105, 2
113, 2.1731793475332997, 2
114, 2.760289209632706, 2
115, 2.944929427144355, 2
116, 2.8572179952584422, 2
117, 2.7302209924396155, 2
118, 5.378115089884989, 2
119, 3.892759007987445, 2
120, 3.9167847666466478, 2
121, 3.8869349112709406, 2
122, 3.8627970798244844, 2
123, 3.770987675293709, 2
124, 2.923528265460468, 2
125, 2.934331473815074, 2
126, 2.869684072679264, 2
127, 2.8891831515246036, 2
128, 2.9285881656985797, 2
129, 3.627242686640937, 2
130, 3.646159270843018, 2
131, 3.653726055583707, 2
132, 3.6299176091978786, 2
133, 2.884125628130913, 2
134, 2.8584596811052654, 2
135, 2.859042256169972, 2
136, 2.877413704844, 2
137, 1.998266492498192, 2
138, 2.06739518198941, 2
139, 1.8502745207073708, 2
140, 1.8851183388802861, 2
141, 2.1271801195198403, 2
142, 1.9514201464234437, 2
143, 1.8522586568320851, 2
144, 2.0059118856128975, 2
145, 2.1116820913138517, 2
146, 1.8487544611964721, 2
147, 2.031818170305976, 2
148, 1.8798280301880812, 2
149, 1.968298444193816, 2
150, 3.237545107576932, 2
151, 2.7798685586895377, 2
152, 2.689688209195382, 2
153, 2.5875243218203003, 2
154, 2.6658203672851437, 2
155, 2.2919009162824784, 2
156, 1.516601447561667, 2
157, 1.4735427604314766, 2
158, 1.3604835939909028, 2
159, 1.3702964033693117, 2
160, 1.4850322849245832, 2
161, 1.471516878431802, 2
162, 1.4019778123597495, 2
163, 0.8665840978892196, 2
164, 1.4093604345064852, 2
165, 4.670807093357674, 2
166, 5.146516456539408, 2
167, 14.141921746752391, 3
168, 7.315048296783506, 3
169, 5.263238574690719, 3
170, 5.348480132486881, 3
171, 5.422161588620478, 3
172, 5.525355218750646, 3
173, 5.485092775843068, 3
174, 5.503919014896174, 3
175, 5.350441399905701, 3
176, 5.352018939871843, 3
177, 5.559122095733139, 3
178, 5.462421684692583, 3
179, 5.467713712689866, 3
180, 5.38648289102863, 3
181, 5.4876056348039945, 3
182, 5.46736352523899, 3
183, 5.411972697449682, 3
184, 5.51782567227408, 3
185, 6.667061275705742, 3
186, 6.765516753524973, 3
187, 6.67204943704254, 3
188, 6.754514773991359, 3
189, 6.722833245338791, 3
190, 5.4222462788958286, 3
191, 5.279751452804388, 3
192, 6.563468654021612, 3
193, 6.788585102492197, 2
194, 6.590690341157444, 2
195, 6.711519252733491, 2
196, 6.789668386920886, 2
197, 6.90794437065793, 2
198, 7.190760394830566, 2
199, 7.172046414351777, 2
200, 6.849112191745631, 2
201, 6.899401057832992, 2
202, 6.8435713150244615, 2
203, 6.952589249832891, 2
204, 7.038039033334983, 2
205, 6.836045433318082, 2
206, 6.919745839912703, 2
207, 6.952903585149095, 2
208, 6.952779688767203, 2
209, 6.879611542242589, 2
210, 7.248584179603048, 2
211, 8.156764857843743, 2
212, 6.953084011839455, 2
213, 6.925856001774006, 2
214, 6.780110846492671, 2
215, 8.112070262968624, 2
216, 8.114041085008129, 2
217, 9.123152511705856, 2
218, 9.088416296582198, 2
219, 9.143256354415643, 2
220, 9.089039194099316, 2
221, 9.112278735810973, 2
222, 9.061021255024587, 2
223, 9.583313998468931, 2
224, 10.579643907421676, 2
225, 9.252490246091295, 2
226, 9.222042773502857, 2
227, 8.690086253153522, 2
228, 9.222666143027347, 2
229, 8.71383169602112, 2
230, 8.238494740747617, 2
231, 9.028342799488948, 2
232, 8.528022096994963, 2
233, 8.602080036091197, 2
234, 7.744751819649594, 2
235, 8.504577930364823, 2
236, 8.417305565329828, 2
237, 8.411095449920866, 2
238, 8.480279264308296, 2
239, 8.532264361055638, 2
240, 8.813338869712945, 2
241, 8.433638349738596, 2
242, 8.439251333714523, 2
243, 7.322321890670222, 2
244, 7.339119881973456, 2
245, 7.3467224231695445, 2
246, 8.234373041711612, 2
247, 8.233806841665297, 2
248, 7.296304048474134, 2
249, 8.166000182985524, 2
250, 8.123082125079158, 2
251, 8.160030498833923, 2
252, 9.15081862621969, 2
253, 8.127619829045226, 2
254, 8.130471764609466, 2
255, 8.134970176508666, 2
256, 8.117222049551506, 2
257, 8.887680224157927, 2
258, 8.872669516830214, 2
259, 8.723338175585118, 2
260, 8.676910955647271, 2
261, 8.725021439099944, 2
262, 9.527950212303738, 2
263, 8.690616558763537, 2
264, 8.658272940758362, 2
265, 8.650211461577516, 2
266, 9.753174554149322, 2
267, 9.769611552734212, 2
268, 9.355752009339563, 2
269, 9.646627027242165, 2
270, 9.667713330352882, 2
271, 8.840575634177451, 2
272, 7.7826958257971235, 2
273, 8.502559102177901, 2
274, 8.517558065705012, 2
275, 8.79666251857692, 2
276, 7.757369123943382, 2
277, 7.725372468725471, 2
278, 8.460816167707808, 2
279, 8.455227254460324, 2
280, 8.411937668154499, 2
281, 8.39473925402339, 2
282, 8.38335628768651, 2
283, 8.412215845394558, 2
284, 8.537206791731187, 2
285, 7.943431353312092, 2
286, 8.482981541237466, 2
287, 8.665861652488076, 2
288, 8.71846053603885, 2
289, 7.565519040745733, 2
290, 6.440561853409964, 2
291, 6.957671041605678, 2
292, 6.933593039908541, 2
293, 6.459596440421699, 2
294, 6.666011191152831, 2
295, 6.673590928981696, 2
296, 6.669033631243562, 2
297, 6.646535433191785, 2
298, 6.101640383051049, 2
299, 6.150455751970389, 2
300, 6.112970732318048, 2
301, 6.2968997084989455, 2
302, 6.658741951118186, 2
303, 6.664540843584175, 2
304, 6.67222066317641, 2
305, 6.057985450383795, 2
306, 6.365000988658198, 2
307, 6.03523294901441, 2
308, 5.370953559988026, 2
309, 5.376736456440053, 2
310, 5.591344079871692, 2
311, 5.571852838484356, 2
312, 6.150595418397168, 2
313, 5.146792836202144, 2
314, 5.118714903193327, 2
315, 5.112797465725269, 2
316, 5.116892608474497, 2
317, 5.122073662321345, 2
318, 5.108075515710789, 2
319, 5.1206574328987635, 2
320, 5.0959381360281615, 2
321, 5.1211900381235065, 2
322, 5.076471568112596, 2
323, 5.045749618614715, 2
324, 5.996230992289543, 2
325, 5.984215123391494, 2
326, 5.980562672011132, 2
327, 8.00831616031353, 2
328, 7.728872249584234, 2
329, 7.662252608025499, 2
330, 7.646297950266414, 2
331, 7.647184292618312, 2
332, 7.627397051691263, 2
333, 7.61686850243724, 2
334, 7.793384822978613, 2
335, 7.793825037119348, 2
336, 7.783167479029711, 2
337, 7.5851509401661525, 2
338, 7.668630940672667, 2
339, 7.518522803165675, 2
340, 7.516542644508018, 2
341, 8.922496480717475, 3
342, 8.81946731911474, 3
343, 8.74300266505391, 3
344, 8.631044872741693, 3
345, 8.483423117598816, 3
346, 7.837178039777343, 3
347, 7.834652020211526, 3
348, 8.48703027938062, 3
349, 8.39568870560553, 3
350, 8.325963498062185, 3
351, 8.180122727954537, 3
352, 8.290435294921574, 3
353, 8.387114497407975, 3
354, 8.281653308426632, 3
355, 8.344344070748265, 3
356, 8.24626194414218, 3
357, 8.281253600044788, 3
358, 8.282844359982036, 3
359, 8.392267873532536, 3
360, 8.297144931920844, 3
361, 8.334721138649149, 3
362, 8.456106110982466, 3
363, 8.24202407588395, 3
364, 8.221478444212034, 3
365, 8.260208471452945, 3
366, 8.230819357031258, 3
367, 8.181354618515025, 3
368, 12.408325592667447, 3
369, 12.296463525936192, 3
370, 12.32967406014751, 3
371, 12.441919970832082, 3
372, 12.517103974927528, 3
373, 12.35636651263408, 3
374, 12.443804967900187, 3
375, 12.424824520214514, 3
376, 12.527694717613546, 3
377, 12.527865374208075, 3
378, 12.46610515876497, 3
379, 12.52498147703957, 3
380, 12.373779952225663, 3
381, 12.39555654798206, 3
382, 12.272694855289059, 3
383, 12.289649946343472, 3
384, 13.948373307066664, 3
385, 14.07920451732081, 3
386, 14.026067552842637, 3
387, 13.890035890091928, 3
388, 14.08576678809782, 3
389, 14.06705379464774, 3
390, 14.06457220067254, 3
391, 14.080510870139713, 3
392, 14.054420338563562, 3
393, 14.056609532802797, 3
394, 13.755721383316374, 3
395, 13.721372435409563, 3
396, 13.750906504509024, 3
397, 13.686704990572624, 3
398, 13.70201230332152, 3
399, 13.736848797517766, 3
400, 13.732630143345242, 3
401, 13.800863896730137, 3
402, 13.936897314698733, 3
403, 13.789344879176186, 3
404, 13.709564028680765, 3
405, 13.674386983801629, 3
406, 13.899878272702825, 3
407, 13.876822767361197, 3
408, 13.864545596918944, 3
409, 13.902426140984392, 3
410, 13.875378650101965, 3
411, 13.874387983068287, 3
412, 13.725879100847115, 3
413, 13.902587836148623, 3
414, 13.646776651916724, 3
415, 13.652305318623613, 3
416, 13.689998313766365, 3
417, 13.689938135194526, 3
418, 13.68694729375228, 3
419, 13.691394493714578, 3
420, 13.647801048555317, 3
421, 13.603558218344535, 3
422, 13.628670129205933, 3
423, 13.618574398887908, 3
424, 13.613830141253475, 3
425, 13.621679472697892, 3
426, 13.603573329449219, 3
427, 13.617734785863362, 3
428, 13.605211901750696, 3
429, 13.603026600360844, 3
430, 13.604101651117809, 3
431, 13.604374950010769, 3
432, 13.61854491285744, 3
433, 13.579656663221945, 3
434, 13.599999071999699, 3
435, 13.617436215891763, 3
436, 13.586923219095736, 3
437, 13.590871082476406, 3
438, 13.601697451728594, 3
439, 13.595937858151014, 3
440, 13.598826949848206, 3
441, 13.578805401894561, 3
442, 13.57947810979807, 3
443, 13.583104536162026, 3
444, 13.590577626991603, 3
445, 13.597124679011975, 3
446, 13.61006339991444, 3
447, 13.604738088773196, 3
448, 13.601572402760226, 3
449, 13.656850726172802, 3
450, 13.57070465985335, 3
451, 13.562095620657978, 3
452, 13.596259756873032, 4
453, 13.716544785431235, 4
454, 17.690392699214126, 4
455, 17.767808431341315, 4
456, 18.756526394979666, 4
457, 18.807544360656124, 4
458, 18.760745975642674, 4
459, 18.78870429167425, 4
460, 18.732146134387207, 4
461, 18.660013886072818, 4
462, 18.76814030393515, 4
463, 18.754301421829688, 4
464, 20.266077715988725, 4
465, 20.110367834853598, 4
466, 20.265193864228063, 4
467, 20.519678617002537, 4
468, 20.580800730268354, 4
469, 21.023788807165698, 4
470, 20.561848093685256, 4
471, 20.439868626853364, 4
472, 20.501660472021054, 4
473, 20.52091235549887, 4
474, 20.4475197981482, 4
475, 20.541769164938827, 4
476, 21.357745905028242, 4
477, 20.886177251593818, 4
478, 21.667090490803133, 4
479, 20.821341757353036, 4
480, 20.389629589476765, 4
481, 20.29492934088908, 4
482, 20.37151718878612, 4
483, 18.789105021697104, 4
484, 18.782896762578783, 4
485, 18.809766013106106, 4
486, 18.792229290908967, 4
487, 18.76200219820949, 4
488, 18.765724557533282, 4
489, 18.816433763291993, 4
490, 18.774599018436927, 4
491, 18.760707248468886, 4
492, 18.721104643723113, 4
493, 18.447688760500057, 4
494, 18.751269998602957, 4
495, 20.857874890898987, 4
496, 19.993075140886233, 4
497, 20.08373081406028, 4
498, 20.013582423823692, 4
499, 20.04137293346936, 4
500, 20.010089006203078, 4
501, 20.36074595346409, 4
502, 20.433337905813246, 4
503, 20.377926919840604, 4
504, 20.367055986287035, 4
505, 20.422496766922027, 4
506, 20.3918557541399, 4
507, 20.331926859711455, 4
508, 20.34446804518618, 4
509, 18.502024080142018, 4
510, 18.49974918608291, 4
511, 18.53432755697146, 4
512, 18.510387280111228, 4
513, 18.55303796917546, 4
514, 18.546916438354373, 4
515, 18.496356114466362, 4
516, 18.544173280643868, 4
517, 18.50852319746865, 4
518, 18.540435358002135, 4
519, 18.492087376551407, 4
520, 18.49159101766984, 4
521, 18.514230463562125, 4
522, 18.520328101487852, 4
523, 18.474219887338354, 4
524, 18.77978846219136, 4
525, 18.783507408137154, 4
526, 18.787117125011974, 4
527, 18.75443826733869, 4
528, 18.811766682272133, 4
529, 18.826193201110637, 4
530, 18.764046364881885, 4
531, 18.794525729404018, 4
532, 18.79775333606657, 4
533, 14.404914718989502, 4
534, 14.273406950679066, 4
535, 14.336676998003895, 4
536, 14.227564929441074, 4
537, 14.211523331276126, 4
538, 14.281557621360964, 4
539, 14.221435078960338, 4
540, 14.230114506257497, 4
541, 14.23787722114514, 4
542, 14.287770656154784, 4
543, 14.295703448028952, 4
544, 14.197118462019558, 4
545, 14.203788406928842, 4
546, 14.341587276408587, 4
547, 14.256572265355665, 4
548, 17.492813396543703, 4
549, 17.464421523038506, 4
550, 17.475193020447218, 4
551, 17.47058216451985, 4
552, 17.489866339294455, 4
553, 18.65612101741774, 4
554, 18.646026769685935, 4
555, 20.56357339521257, 4
556, 20.6036079980398, 4
557, 20.597471626266667, 4
558, 20.634727616413954, 4
559, 20.59519720760451, 4
560, 23.663352774240213, 5
561, 23.714919927355602, 5
562, 23.623047492883927, 5
563, 21.912026583983653, 5
564, 22.06507617980351, 5
565, 21.85453650387144, 5
566, 22.311424800631755, 5
567, 22.351687873382442, 5
568, 23.009079773079943, 5
569, 23.177581140314583, 5
570, 23.139886070740584, 5
571, 23.034925605756253, 5
572, 22.251139886179118, 5
573, 22.86014922596237, 5
574, 22.937676720876333, 5
575, 22.880614438802148, 5
576, 22.30195233498025, 5
577, 22.810249130153302, 5
578, 22.828257912386256, 5
579, 22.770719577843714, 5
580, 22.146131557955158, 5
581, 22.89665601045163, 5
582, 22.767003667931284, 5
583, 22.158099993051174, 5
584, 22.15333308418601, 5
585, 22.731779413637163, 5
586, 22.70264630804776, 5
587, 21.66074845098206, 5
588, 21.6905730975114, 5
589, 25.966446896818805, 5
590, 25.945623558227933, 5
591, 26.04686446563531, 5
592, 24.81769719307041, 5
593, 24.82337803655803, 5
594, 24.814217101148344, 5
595, 24.80004028569621, 5
596, 24.761856974400686, 5
597, 24.78448488900404, 5
598, 24.798187001591362, 5
599, 24.779760313659338, 5
600, 24.786430733628904, 5
601, 24.77733583392733, 5
602, 24.80451432928759, 5
603, 24.794765760550394, 5
604, 24.78040019657672, 5
605, 24.777531370341457, 5
606, 24.76272153989116, 5
607, 24.782508267232128, 5
608, 24.746037309103873, 5
609, 25.928887975463347, 5
610, 27.201597847710016, 5
611, 27.22818692254018, 5
612, 27.591654709600498, 5
613, 27.636500065557573, 5
614, 27.15209038507929, 5
615, 27.178624764619553, 5
616, 27.18917276959927, 5
617, 27.15764001215006, 5
618, 27.205724673559903, 5
619, 28.96711876250044, 5
620, 26.954225662986758, 5
621, 27.197002446487993, 5
622, 27.222415272839402, 5
623, 27.196521337649518, 5
624, 27.173470806296297, 5
625, 27.23140502548813, 5
626, 28.586977381856276, 5
627, 25.76718358373629, 5
628, 25.779665817330365, 5
629, 25.860152586962183, 5
630, 25.77723244014606, 5
631, 25.806461488150394, 5
632, 25.756308608242282, 5
633, 25.795059033958697, 5
634, 26.984396417807588, 5
635, 25.737663059671153, 5
636, 25.68089540936674, 5
637, 25.706058551526414, 5
638, 25.69187725667649, 5
639, 25.788297019521607, 5
640, 25.718053161911335, 5
641, 26.401971320556576, 5
642, 26.345196759831197, 5
643, 25.688614699034453, 5
644, 25.700887676693704, 5
645, 25.669490187343733, 5
646, 26.823059884171418, 5
647, 28.029854655669954, 5
648, 27.277978495577397, 5
649, 27.321111132913632, 5
650, 27.341310171010626, 5
651, 27.28650747676315, 5
652, 26.240132517927435, 5
653, 26.136871656657238, 5
654, 26.095821067976583, 5
655, 25.600119453886595, 5
656, 25.60214953666764, 5
657, 25.53875484881445, 5
658, 25.546282653357746, 5
659, 25.62760264881572, 5
660, 25.581956699329034, 5
661, 25.62105350032768, 5
662, 25.582436663619728, 5
663, 26.705541315838648, 5
664, 26.30461236186428, 5
665, 26.71459545896821, 5
666, 26.632566037891706, 5
667, 26.705313472573966, 5
668, 26.614124183328087, 5
669, 26.600585164754612, 5
670, 25.139897782879295, 5
671, 25.12548843739525, 5
672, 25.166870506514464, 5
673, 25.143790472878187, 5
674, 25.144078294761076, 5
675, 25.121595166930938, 5
676, 25.12392735450628, 5
677, 25.159585322221716, 5
678, 25.11779769594553, 5
679, 25.108679354986954, 5
680, 25.079699331173202, 5
681, 25.468649605151818, 5
682, 25.470188587754844, 5
683, 25.48288584153553, 5
684, 25.480944640126506, 5
685, 25.498242522148118, 5
686, 25.46783133892079, 5
687, 25.49451329756624, 5
688, 26.01601438206613, 5
689, 25.973013003337254, 5
690, 26.01560131663809, 5
691, 25.97277919929388, 5
692, 25.941619271177267, 5
693, 25.96140123568296, 5
694, 25.94440263943854, 5
695, 25.984832775204186, 5
696, 25.96945019940757, 5
697, 25.992244924448464, 5
698, 25.954560132052887, 5
699, 27.02349710215585, 5
700, 27.030274837860578, 5
701, 27.51776418845633, 5
702, 27.492823389350814, 5
703, 27.459229978244597, 5
704, 27.54375134638907, 5
705, 27.058604524824556, 5
706, 27.030493991144088, 5
707, 27.66057461567971, 5
708, 28.94266029085643, 5
709, 28.978835519042068, 5
710, 29.350632855963084, 5
711, 29.382783296138264, 5
712, 27.51361094715902, 5
713, 30.522874237432166, 5
714, 30.49982209690876, 5
715, 28.401788680857702, 5
716, 28.332942837208247, 5
717, 28.372775179391144, 5
718, 28.3502791171127, 5
719, 28.230579028384053, 5
720, 28.255084021616124, 5
721, 28.232305634755598, 5
722, 30.184988713361992, 5
723, 30.623855460845043, 5
724, 32.029416601082005, 5
725, 29.45970265665113, 5
726, 27.853542666496892, 5
727, 26.560407324201584, 5
728, 26.589133140618102, 5
729, 25.877688237710277, 5
730, 24.96068968362787, 5
731, 26.611240899358243, 5
732, 28.364603813276116, 5
733, 28.299692819799507, 5
734, 27.945539170465334, 5
735, 27.836804585405442, 5
736, 28.276149084038583, 5
737, 27.470659131332734, 5
738, 27.46141974467514, 5
739, 25.90427474555649, 5
740, 25.85514739666566, 5
741, 25.88797643752487, 5
742, 24.980821286165057, 5
743, 24.999785053810758, 5
744, 24.918842701856008, 5
745, 24.94642263727866, 5
746, 24.94624879847135, 5
747, 24.935161845507835, 5
748, 24.92685377197371, 5
749, 24.967323445311525, 5
750, 24.96690966046697, 5
751, 24.921703059510538, 5
752, 24.2770067501298, 5
753, 24.26570098537667, 5
754, 24.29951534652608, 5
755, 24.281882278361874, 5
756, 24.27485812716014, 5
757, 24.846785769313325, 5
758, 24.878990788776193, 5
759, 24.89750589301621, 5
760, 23.297492322016982, 5
761, 24.12456842683733, 5
762, 24.108022390149923, 5
763, 24.116872112355992, 5
764, 25.999865067122176, 5
765, 23.960161519891553, 5
766, 23.3672826305327, 5
767, 23.40474047839565, 5
768, 22.4610970690265, 5
769, 22.47316310304196, 5
770, 22.470054299291583, 5
771, 22.478437186033442, 5
772, 23.060772767442277, 5
773, 23.045036172324107, 5
774, 23.936983308039867, 5
775, 23.913954890597694, 5
776, 23.88758416452257, 5
777, 24.899762173590265, 5
778, 24.95638878184921, 5
779, 24.96559873549949, 5
780, 24.886127134338142, 5
781, 26.555981658237616, 5
782, 26.55955494825884, 5
783, 26.14262014240603, 5
784, 24.755384227000715, 5
785, 24.75771114498517, 5
786, 24.650410192155057, 5
787, 25.204414637912645, 5
788, 24.73087722948198, 5
789, 24.71396560000476, 5
790, 25.169904221526703, 5
791, 25.178189901442988, 5
792, 25.110685212157787, 5
793, 25.214382596802594, 5
794, 24.063323639142915, 5
795, 24.10460340198959, 5
796, 24.105026490283187, 5
797, 23.64182521240921, 5
798, 23.62474922305696, 5
799, 23.6224786217133, 5
800, 23.637211841435146, 5
801, 23.027601786326407, 5
802, 22.615755680477946, 5
803, 22.986864925283893, 5
804, 22.993013458217874, 5
805, 23.57051501500471, 5
806, 24.02155755984355, 5
807, 23.981540133807915, 5
808, 23.98561887261, 5
809, 23.4527067935877, 5
810, 23.95949533475405, 5
811, 23.95172188662032, 5
812, 23.395866600994456, 5
813, 23.940318830548318, 5
814, 23.9623462930232, 5
815, 23.98336429396214, 5
816, 23.950564112839583, 5
817, 23.940811999941445, 5
818, 23.96812417403148, 5
819, 24.73743937970355, 5
820, 23.92399857335412, 5
821, 23.813958583123608, 5
822, 24.996531814685337, 5
823, 24.980130672640318, 5
824, 24.612644049227487, 5
825, 24.603764761093668, 5
826, 24.60831541195109, 5
827, 24.94136829411492, 5
828, 25.771209065137814, 5
829, 25.431018020557957, 5
830, 25.250709369580242, 5
831, 24.889065425270548, 5
832, 25.23828224893121, 5
833, 23.631321240825176, 5
834, 23.320363046472327, 5
835, 23.3289301688036, 5
836, 23.327101791805447, 5
837, 22.665519536550946, 5
838, 22.63795037447641, 5
839, 22.339835331977365, 5
840, 21.467005827217754, 5
841, 21.462967325513308, 5
842, 21.46440670409135, 5
843, 22.263797851588375, 5
844, 22.659661914522292, 5
845, 22.966104364177, 5
846, 22.946993327399174, 5
847, 22.214061583426155, 5
848, 21.753176859780197, 5
849, 21.760339072547215, 5
850, 21.753091757208164, 5
851, 21.780071578169025, 5
852, 21.78371847310002, 5
853, 21.416412723559418, 5
854, 21.403724299285166, 5
855, 21.406064191093964, 5
856, 21.430871442569327, 5
857, 21.396316819213855, 5
858, 21.431612696350943, 5
859, 21.40306837909027, 5
860, 22.79698350149307, 5
861, 22.11947375462284, 5
862, 22.088992319673363, 5
863, 22.13844734886346, 5
864, 22.438474831410215, 5
865, 21.663002727483605, 5
866, 21.644061068809005, 5
867, 21.644547032012053, 5
868, 21.60652647285784, 5
869, 21.642873666420773, 5
870, 21.306953731020357, 5
871, 22.130932905785656, 5
872, 24.530492001085666, 5
873, 24.527865973192426, 5
874, 22.60207986604951, 5
875, 22.55466186177984, 5
876, 22.381940557866702, 5
877, 22.10318358913989, 5
878, 22.10986137302054, 5
879, 22.094992370873037, 5
880, 21.734699569763926, 5
881, 22.097325668431402, 5
882, 23.208185924623233, 5
883, 23.051933330482903, 5
884, 22.553408431987307, 5
885, 22.59312529993089, 5
886, 23.553131479451107, 5
887, 23.541926369494625, 5
888, 23.55916036405555, 5
889, 24.29526618508935, 5
890, 25.46486190989769, 5
891, 25.442943733911516, 5
892, 25.50169913421971, 5
893, 26.1682106457485, 5
894, 26.774097937982685, 5
895, 26.796530756533453, 5
896, 26.067276058773462, 5
897, 26.03631470573109, 5
898, 26.100392434536463, 5
899, 27.097623079990374, 5
900, 27.433506656115004, 5
901, 26.24891664302417, 5
902, 26.765093719939482, 5
903, 27.238468805470713, 5
904, 26.655118806654098, 5
905, 26.12704060614594, 5
906, 26.194384475104616, 5
907, 25.18802379125389, 5
908, 25.50653743047999, 5
909, 25.78947793575871, 5
910, 26.73892902759317, 5
911, 26.77427798897791, 5
912, 26.144521464360718, 5
913, 26.121708098412213, 5
914, 26.133086954269356, 5
915, 25.564813629147867, 5
916, 26.07812083850261, 5
917, 26.076025109078444, 5
918, 26.0899922146892, 5
919, 26.715292834742566, 5
920, 26.772446870703416, 5
921, 27.24372885516983, 5
922, 27.228746861014695, 5
923, 26.201838764005, 5
924, 25.938756090400638, 5
925, 25.423973185667844, 5
926, 27.02786448583819, 5
927, 26.994821046699794, 5
928, 26.5715474927845, 5
929, 27.526340455069235, 5
930, 27.8653458735558, 5
931, 27.827822346762563, 5
932, 27.47277256308809, 5
933, 26.665267328075263, 5
934, 26.386879525744288, 5
935, 25.17003045106267, 5
936, 24.424771545759327, 5
937, 23.370619897334215, 5
938, 23.352274326920156, 5
939, 23.37681848204404, 5
940, 23.309476679581675, 5
941, 22.91164314817419, 5
942, 23.326648469801068, 5
943, 23.310089876653524, 5
944, 23.312584257308828, 5
945, 23.801773346404637, 5
946, 23.753608157058324, 5
947, 23.33618981345152, 5
948, 22.837219264187357, 5
949, 22.849774146632065, 5
950, 22.467669589502, 5
951, 22.476311065085916, 5
952, 22.809052542362558, 5
953, 22.798907647341505, 5
954, 22.789823868874144, 5
955, 22.76797322539229, 5
956, 23.24806742898275, 5
957, 23.221268350789522, 5
958, 23.64045583317572, 5
959, 24.172618070123765, 5
960, 23.579921083910467, 5
961, 23.14430223256408, 5
962, 23.203089907835498, 5
963, 22.796844841495844, 5
964, 22.7610625338792, 5
965, 22.38552242325682, 5
966, 23.344058481986014, 5
967, 22.97630334951011, 5
968, 21.737551703546057, 5
969, 22.019621569340792, 5
970, 21.987868748654176, 5
971, 21.185338976791467, 5
972, 21.194168084636093, 5
973, 21.67190809073936, 5
974, 21.700728253549556, 5
975, 21.67895814716432, 5
976, 22.78541505283384, 5
977, 22.813159459516875, 5
978, 23.09113269743809, 5
979, 22.80666685132438, 5
980, 22.760830667918754, 5
981, 22.781561268615317, 5
982, 23.076497736633986, 5
983, 23.39884202272672, 5
984, 23.338843725332644, 5
985, 22.986381620552546, 5
986, 23.030826301983282, 5
987, 23.34937349047781, 5
988, 23.72925571144116, 5
989, 23.340575913781393, 5
990, 23.367699035092663, 5
991, 21.80047234877183, 5
992, 23.834228544910772, 5
993, 23.56191698457126, 5
994, 23.512323826312596, 5
995, 23.493638406314574, 5
996, 24.113453442714334, 5
997, 24.45991014758354, 5
998, 24.85780282160987, 5
999, 24.77367179877077, 5
1000, 24.759706137456647, 5
1001, 24.715309377913233, 5
1002, 23.3060869899942, 5
1003, 22.986347745896236, 5
1004, 22.668713790700398, 5
1005, 22.682083722007057, 5
1006, 22.697371923656224, 5
1007, 22.674229017015715, 5
1008, 22.254595578045787, 5
1009, 22.532769121824096, 5
1010, 22.537166403999237, 5
1011, 22.230177562447047, 5
1012, 22.21212944308974, 5
1013, 22.227513475988033, 5
1014, 23.10597476463221, 5
1015, 22.312300411105287, 5
1016, 22.268115310299198, 5
1017, 22.303191022601762, 5
1018, 21.383623273774113, 5
1019, 21.62727361944259, 5
1020, 21.80770250305683, 5
1021, 21.833545060880343, 5
1022, 22.128544874339894, 5
1023, 22.135555590664413, 5
1024, 21.897432718276782, 5
1025, 21.910518792973864, 5
1026, 21.915396939215768, 5
1027, 21.913250073267708, 5
1028, 22.113334569357527, 5
1029, 22.098723357110302, 5
1030, 22.155646492001534, 5
1031, 23.01214358725895, 5
1032, 22.96525037484052, 5
1033, 23.291241862246306, 5
1034, 23.27953114940414, 5
1035, 23.28556382182429, 5
1036, 23.688975745811426, 5
1037, 23.667189740860582, 5
1038, 23.27667553663847, 5
1039, 24.02042954897564, 5
1040, 24.420267292795785, 5
1041, 24.145318006136396, 5
1042, 23.74352469091792, 5
1043, 23.34861777139654, 5
1044, 23.37428317703326, 5
1045, 22.65019289278218, 5
1046, 22.67174051422161, 5
1047, 22.945187252984066, 5
1048, 22.080460276235524, 5
1049, 22.031252103106212, 5
1050, 22.04715952977717, 5
1051, 22.02052695036028, 5
1052, 21.763768541420927, 5
1053, 22.043472686968364, 5
1054, 22.90687599772244, 5
1055, 22.886071596306355, 5
1056, 22.85631038462947, 5
1057, 22.897752198514166, 5
1058, 22.26083923974414, 5
1059, 22.463884508934, 5
1060, 22.25828638890151, 5
1061, 22.05732668597205, 5
1062, 22.241605631380548, 5
1063, 22.284946096686447, 5
1064, 22.250313674894738, 5
1065, 23.49417943957892, 5
1066, 23.809050149188682, 5
1067, 22.79750727479722, 5
1068, 23.08765775265319, 5
1069, 23.117672607134587, 5
1070, 22.790159372501595, 5
1071, 23.10442649756525, 5
1072, 23.087411866934254, 5
1073, 22.803519989793237, 5
1074, 23.07352213434516, 5
1075, 23.074944207368485, 5
1076, 23.08236581158687, 5
1077, 23.11183022677295, 5
1078, 23.101555888759293, 5
1079, 23.723610061684013, 5
1080, 24.69092246032689, 5
1081, 23.66862520224694, 5
1082, 22.687933819270587, 5
1083, 22.38677652685966, 5
1084, 22.39736404307439, 5
1085, 22.395834094280474, 5
1086, 22.42408171306185, 5
1087, 22.62304140935496, 5
1088, 22.587179193494418, 5
1089, 23.29655205184646, 5
1090, 23.512906479330507, 5
1091, 23.27838004707377, 5
1092, 23.276193629153987, 5
1093, 23.302755285225953, 5
1094, 23.067550429934823, 5
1095, 23.04857091888046, 5
1096, 22.122348635151834, 5
1097, 21.481094512281064, 5
1098, 21.72206981649348, 5
1099, 21.19150171907007, 5
1100, 21.694104737595893, 5
1101, 21.700049624885125, 5
1102, 22.07438705497129, 5
1103, 22.404178175797096, 5
1104, 21.71811134596068, 5
1105, 22.079554764082648, 5
1106, 22.489773516701508, 5
1107, 22.062113537944214, 5
1108, 22.074171968528365, 5
1109, 22.062695981685668, 5
1110, 21.749683119077492, 5
1111, 21.720413345932926, 5
1112, 21.445098514296046, 5
1113, 21.48126072907816, 5
1114, 20.77108392156531, 5
1115, 20.78329224019943, 5
1116, 20.762354406396174, 5
1117, 20.788784119883754, 5
1118, 20.763997682012597, 5
1119, 20.769143144403806, 5
1120, 20.76049064207727, 5
1121, 20.764491112279725, 5
1122, 20.772556628124548, 5
1123, 20.955635211805408, 5
1124, 20.97584294820282, 5
1125, 21.348599079241893, 5
1126, 21.33449704114307, 5
1127, 21.335950132165745, 5
1128, 21.35222071171147, 5
1129, 21.34902228037727, 5
1130, 21.108886997148712, 5
1131, 21.896677591298335, 5
1132, 21.666111622974434, 5
1133, 22.257962267870848, 5
1134, 22.30324769829343, 5
1135, 22.311030249618213, 5
1136, 21.851395416081463, 5
1137, 21.838612735211942, 5
1138, 21.469557202732133, 5
1139, 21.471642041076063, 5
1140, 21.474937660727605, 5
1141, 21.83339709809902, 5
1142, 21.842284990041968, 5
1143, 23.1216228883726, 5
1144, 23.093517127706445, 5
1145, 23.11687896878069, 5
1146, 23.08065977290343, 5
1147, 23.075083835673407, 5
1148, 29.694857068648965, 6
1149, 29.995615867617005, 6
1150, 30.12384948816362, 6
1151, 29.979388626447736, 6
1152, 30.124162355517534, 6
1153, 34.57226105772568, 6
1154, 34.63977579606196, 6
1155, 34.64325173098834, 6
1156, 34.59436676566596, 6
1157, 33.965910713360586, 6
1158, 34.60288934085596, 6
1159, 34.5841124577631, 6
1160, 34.8413454072315, 6
1161, 34.81060302881489, 6
1162, 35.61286475512876, 6
1163, 35.28628004586119, 6
1164, 35.52352411821065, 6
1165, 35.55777894815797, 6
1166, 36.38189463589995, 6
1167, 36.37827801770688, 6
1168, 36.646632610845444, 6
1169, 36.68470657425077, 6
1170, 36.643217639440664, 6
1171, 36.58414665462856, 6
1172, 36.67193881502409, 6
1173, 36.68016648931521, 6
1174, 37.25993900400311, 6
1175, 36.898839296220565, 6
1176, 36.98860095397351, 6
1177, 36.70508128693315, 6
1178, 36.92074377393622, 6
1179, 42.41324472798999, 7
1180, 42.406237225350885, 7
1181, 42.43532440967873, 7
1182, 42.29427499708255, 7
1183, 41.71624856222368, 7
1184, 41.6782733760227, 7
1185, 41.64228327588078, 7
1186, 42.30927473276894, 7
1187, 47.50307366382059, 7
1188, 48.32833080274029, 7
1189, 50.011706106723274, 7
1190, 50.009617361392394, 7
1191, 48.14529755889144, 7
1192, 48.17737472373516, 7
1193, 47.86429838358775, 7
1194, 47.78020800761084, 7
1195, 49.77827315351459, 7
1196, 48.39914613458744, 7
1197, 47.97476890590422, 7
1198, 40.79002556880628, 7
1199, 40.65590994637372, 7
1200, 40.62654514411389, 7
1201, 40.53651078619513, 7
1202, 40.56196387575518, 7
1203, 40.5519009092926, 7
1204, 40.733365749002346, 7
1205, 40.60434979379684, 7
1206, 42.12025642622076, 7
1207, 50.300792076970794, 8
1208, 49.571318150514905, 8
1209, 49.382700379475175, 8
1210, 49.65112774866622, 8
1211, 49.379486166776765, 8
1212, 49.418324887723045, 8
1213, 49.126463432157124, 8
1214, 49.994706186193866, 8
1215, 50.00198662612156, 8
1216, 50.05711161968047, 8
1217, 50.11342100093208, 8
1218, 49.07564113801917, 8
1219, 49.15593356544583, 8
1220, 49.561188892632224, 8
1221, 49.19009196935176, 8
1222, 48.882296807639506, 8
1223, 49.30999537158722, 8
1224, 49.04543716957632, 8
1225, 48.91665919390543, 8
1226, 47.77357893955519, 8
1227, 47.480516813090674, 8
1228, 49.40801994204827, 8
1229, 49.19401190365415, 8
1230, 49.17348006973503, 8
1231, 47.44561607073257, 8
1232, 47.8101098577055, 8
1233, 47.59961545595293, 8
1234, 47.69984707509226, 8
1235, 47.87701929546311, 8
1236, 40.204326170378664, 7
1237, 40.26259870156076, 7
1238, 40.22120232813516, 7
1239, 40.26153479320142, 7
1240, 40.211137041665744, 7
1241, 44.73360383440793, 8
1242, 44.82322856075025, 8
1243, 44.60399748922417, 8
1244, 45.1301425079521, 8
1245, 44.759867459469945, 8
1246, 44.623651701479645, 8
1247, 38.94556638483342, 7
1248, 42.66837099500409, 8
1249, 43.13962432872585, 8
1250, 43.06086708151566, 8
1251, 42.718541839540585, 8
1252, 42.711539139304776, 8
1253, 31.802610422126097, 7
1254, 30.043996353525177, 7
1255, 31.57862401423337, 7
1256, 31.441586795433754, 7
1257, 31.446833410093706, 7
1258, 31.239747054440784, 7
1259, 30.663435783420486, 7
1260, 30.755739741266503, 7
1261, 37.93425708087751, 8
1262, 37.876833775788775, 8
1263, 28.6814918769737, 7
1264, 27.85714453411739, 7
1265, 28.757896834733636, 7
1266, 27.62660280995227, 7
1267, 27.109959931011847, 7
1268, 27.456156015144693, 7
1269, 27.4301080312483, 7
1270, 27.5289742961682, 7
1271, 27.56626958011214, 7
1272, 27.886847944016736, 7
1273, 27.819711557655555, 7
1274, 27.84901778263781, 7
1275, 27.540593668043066, 7
1276, 27.415082881322974, 7
1277, 27.390976853038545, 7
1278, 26.941151996513817, 7
1279, 27.3827551594517, 7
1280, 26.894243165557267, 7
1281, 27.30660022667988, 7
1282, 27.32819095830733, 7
1283, 27.3581433398319, 7
1284, 27.35218294610528, 7
1285, 27.791741831676955, 7
1286, 26.577702397071533, 7
1287, 26.589081510151843, 7
1288, 26.564177934066596, 7
1289, 26.561636240469273, 7
1290, 27.317271844526747, 7
1291, 27.18079801542943, 7
1292, 27.208002506475953, 7
1293, 27.226120510219552, 7
1294, 27.192677124030936, 7
1295, 27.256956505083025, 7
1296, 26.472451775094704, 7
1297, 26.0930002648196, 7
1298, 26.573531678130717, 7
1299, 26.467900732736172, 7
1300, 27.11790146611979, 7
1301, 27.097524381385213, 7
1302, 27.44258171381645, 7
1303, 27.8818847782367, 7
1304, 27.5346719274681, 7
1305, 27.142421805701062, 7
1306, 27.086991480479643, 7
1307, 27.12740477499912, 7
1308, 22.23803921537719, 6
1309, 22.599934471763497, 6
1310, 21.855284197068315, 6
1311, 21.091115872184076, 6
1312, 21.16816974958008, 6
1313, 21.17730208791399, 6
1314, 20.80333082468157, 6
1315, 20.847324540216892, 6
1316, 20.81291441836, 6
1317, 20.847670034932367, 6
1318, 21.4237502010464, 6
1319, 21.413352418436297, 6
1320, 21.407754959177833, 6
1321, 21.422327257077956, 6
1322, 21.691854323796036, 6
1323, 21.669708967145755, 6
1324, 22.144568754741954, 6
1325, 22.097651785398966, 6
1326, 22.063735005075674, 6
1327, 22.424574162992368, 6
1328, 22.347814898630926, 6
1329, 22.288005835746375, 6
1330, 22.304299886312705, 6
1331, 22.66258377973792, 6
1332, 23.0861755772504, 6
1333, 22.701755094083975, 6
1334, 22.69934265752591, 6
1335, 22.65638104990283, 6
1336, 22.300981203221777, 6
1337, 22.603606425573485, 6
1338, 22.247608763686678, 6
1339, 22.640298334076732, 6
1340, 22.58102078281699, 6
1341, 22.26658232060575, 6
1342, 22.261706947232355, 6
1343, 22.25756438758036, 6
1344, 22.305334125428896, 6
1345, 22.243737867276888, 6
1346, 22.280006928557743, 6
1347, 22.25647076079566, 6
1348, 22.222356545751246, 6
1349, 22.99295485624833, 6
1350, 23.35141126945907, 6
1351, 23.346502227655947, 6
1352, 23.333170499977648, 6
1353, 23.324541165993594, 6
1354, 23.324106013741602, 6
1355, 23.366894303647324, 6
1356, 22.570069651257963, 6
1357, 25.217705415428533, 7
1358, 25.299979724565056, 7
1359, 25.305762093137595, 7
1360, 25.236063394045217, 7
1361, 25.544007911243803, 7
1362, 29.244165050876603, 7
1363, 29.847787596885823, 7
1364, 29.896592257026043, 7
1365, 29.940366753620957, 7
1366, 30.667702914553026, 7
1367, 30.66410185955074, 7
1368, 29.86822726152974, 7
1369, 30.1300920530431, 7
1370, 30.15263449850535, 7
1371, 30.10110548339435, 7
1372, 30.118982011675698, 7
1373, 30.11487586402476, 7
1374, 31.103785411100546, 7
1375, 30.806195085041473, 7
1376, 30.766026792353244, 7
1377, 30.444569144683243, 7
1378, 30.88279608961441, 7
1379, 30.422545873702795, 7
1380, 31.295305029333278, 7
1381, 30.390667448298103, 7
1382, 30.780741995741977, 7
1383, 31.56394091114987, 7
1384, 31.05048452835274, 7
1385, 31.054518362466453, 7
1386, 31.491531473894916, 7
1387, 31.47660738163163, 7
1388, 31.81235846146113, 7
1389, 31.84113056148349, 7
1390, 31.809842791449455, 7
1391, 31.445902895675836, 7
1392, 31.409295151440844, 7
1393, 30.651784958465527, 7
1394, 31.35206372640259, 7
1395, 32.10411494282855, 7
1396, 32.03510940790306, 7
1397, 31.732017895390932, 7
1398, 32.617018030878675, 7
1399, 32.57759665851467, 7
1400, 32.203944480084736, 7
1401, 32.41768073129527, 7
1402, 32.381098076491696, 7
1403, 32.09020417399019, 7
1404, 32.47845627915652, 7
1405, 32.48866018401671, 7
1406, 32.86027685315414, 7
1407, 33.26809863886491, 7
1408, 33.381637458059416, 7
1409, 33.338142805388394, 7
1410, 33.34994503495296, 7
1411, 34.2288249665391, 7
1412, 33.93793971598361, 7
1413, 34.21405604787253, 7
1414, 34.48326385441625, 7
1415, 33.008939924511694, 7
1416, 33.04842426852519, 7
1417, 34.32122135991746, 7
1418, 34.33848159694139, 7
1419, 34.631658399201164, 7
1420, 34.684217024709, 7
1421, 33.785315334156735, 7
1422, 33.46225527845865, 7
1423, 33.51162087722465, 7
1424, 33.445256156291876, 7
1425, 34.32048207874145, 7
1426, 33.90517534683093, 7
1427, 34.34725397849845, 7
1428, 33.89033974265132, 7
1429, 33.42359794998617, 7
1430, 32.628141241042194, 7
1431, 32.216686236515045, 7
1432, 31.202641575869695, 7
1433, 30.65155744679106, 7
1434, 30.758623925132316, 7
1435, 30.688203239224805, 7
1436, 29.827820982562695, 7
1437, 30.623013222816404, 7
1438, 29.82529509078006, 7
1439, 30.500751745051343, 7
1440, 35.42220841375009, 8
1441, 32.743129236683515, 8
1442, 32.86618260152803, 8
1443, 32.713793273337274, 8
1444, 32.83990137321811, 8
1445, 29.728692763809065, 7
1446, 28.684046402087887, 7
1447, 27.9506686736081, 7
1448, 27.92107123449249, 7
1449, 27.91047378747958, 7
1450, 28.538818529401613, 7
1451, 28.99346587649376, 7
1452, 28.28253516536146, 7
1453, 28.279789867524748, 7
1454, 28.293410406178765, 7
1455, 28.2835624554546, 7
1456, 27.850886450641422, 7
1457, 28.501175786289743, 7
1458, 28.092573984260902, 7
1459, 28.075560488820813, 7
1460, 28.05824351941007, 7
1461, 28.083588817236464, 7
1462, 27.16920164410112, 7
1463, 27.43608407158228, 7
1464, 27.78210746883651, 7
1465, 27.764742541588785, 7
1466, 28.337852155574915, 7
1467, 28.701081522050483, 7
1468, 27.956025825429638, 7
1469, 29.1427621966102, 7
1470, 29.14315501655409, 7
1471, 29.15421818899217, 7
1472, 28.19756680907214, 7
1473, 28.21607780215773, 7
1474, 28.775870531617073, 7
1475, 28.127105517285646, 7
1476, 28.082490737206175, 7
1477, 28.62586375966442, 7
1478, 28.998445050862816, 7
1479, 28.609887143460085, 7
1480, 28.62300347489287, 7
1481, 28.68161799527209, 7
1482, 28.63752003746423, 7
1483, 28.630192266601377, 7
1484, 28.590349186251405, 7
1485, 28.632835023806866, 7
1486, 28.322523074527243, 7
1487, 28.403439896804684, 7
1488, 28.93284696273366, 7
1489, 28.431688967447876, 7
1490, 28.91606530939122, 7
1491, 28.540513259925806, 7
1492, 28.874511927672057, 7
1493, 28.272517952531455, 7
1494, 28.20686898881186, 7
1495, 28.23141613949339, 7
1496, 28.223967078848236, 7
1497, 28.23731302325938, 7
1498, 28.902163109717836, 7
1499, 28.53953301800805, 7
1500, 28.84642162931194, 7
1501, 29.22265336364303, 7
1502, 28.835707163504104, 7
1503, 28.498840003688674, 7
1504, 28.487488137856076, 7
1505, 28.89113085276626, 7
1506, 27.970283783611624, 7
1507, 27.992242384800186, 7
1508, 28.66480869207173, 7
1509, 28.686618749265996, 7
1510, 28.63538783222667, 7
1511, 28.624099873469113, 7
1512, 28.59606182410994, 7
1513, 28.62955167774795, 7
1514, 27.959420530771755, 7
1515, 27.94664220233121, 7
1516, 27.948558885765465, 7
1517, 27.62425543825395, 7
1518, 27.628748417195197, 7
1519, 27.6016547651491, 7
1520, 27.601421462745286, 7
1521, 27.599219594984465, 7
1522, 27.617966029559046, 7
1523, 27.35460902699037, 7
1524, 27.29655790261318, 7
1525, 27.3112578099716, 7
1526, 27.92694340263083, 7
1527, 31.03622546822848, 8
1528, 31.384851928177305, 8
1529, 31.702930297331164, 8
1530, 31.38153999163292, 8
1531, 31.32215226429195, 8
1532, 30.724303772814345, 8
1533, 30.76635411182513, 8
1534, 35.22203536053297, 9
1535, 34.952079082836136, 9
1536, 39.30884165540112, 9
1537, 39.29413451569116, 9
1538, 38.905513699509534, 9
1539, 38.848778101661665, 9
1540, 38.983076203823686, 9
1541, 38.94873017995035, 9
1542, 39.27801980003808, 9
1543, 34.59094092210733, 8
1544, 34.95088668159857, 8
1545, 35.717571783180226, 8
1546, 35.727855611430485, 8
1547, 35.78632565527127, 8
1548, 39.090538497729256, 9
1549, 39.09071013137305, 9
1550, 39.83677396931944, 9
1551, 39.8284468743397, 9
1552, 38.60323323733459, 9
1553, 39.34761908915697, 9
1554, 39.36193441770596, 9
1555, 39.47447146871195, 9
1556, 38.616197362707304, 9
1557, 39.37654199974147, 9
1558, 39.357860543532276, 9
1559, 39.06068918177579, 9
1560, 38.96586782003808, 9
1561, 39.35338534560395, 9
1562, 39.64562801375126, 9
1563, 44.287373995545195, 9
1564, 38.19521338229979, 9
1565, 40.599468956951554, 9
1566, 41.490027525461244, 9
1567, 41.52193762241536, 9
1568, 42.13811850637723, 9
1569, 42.39890715433984, 9
1570, 42.45092019645548, 9
1571, 42.479806483834636, 9
1572, 37.84306493653385, 9
1573, 40.22523479697903, 9
1574, 40.525555187873614, 9
1575, 40.48698687648149, 9
1576, 41.36298583910986, 9
1577, 40.83400404034027, 9
1578, 40.74471931689414, 9
1579, 40.0863585677417, 9
1580, 40.963805921740466, 9
1581, 41.33356804665956, 9
1582, 41.69702179781574, 9
1583, 41.605499415374126, 9
1584, 42.711296155723204, 9
1585, 42.27556711887933, 9
1586, 42.61261276318667, 9
1587, 42.290453126434194, 9
1588, 42.21852752487138, 9
1589, 42.28015447709765, 9
1590, 42.28973730723387, 9
1591, 42.283750499341835, 9
1592, 42.613997188753906, 9
1593, 42.24655894725753, 9
1594, 43.334794942825795, 9
1595, 44.539744924824774, 9
1596, 45.291783997431665, 9
1597, 44.88159096035784, 9
1598, 43.681936776445546, 9
1599, 44.07063622490235, 9
1600, 42.26938166392438, 9
1601, 41.29108800264301, 9
1602, 40.93987368141251, 9
1603, 40.60405189393279, 9
1604, 45.21725205810614, 10
1605, 45.287240107557814, 10
1606, 45.20484310097017, 10
1607, 45.87652376390479, 10
1608, 46.14280646252749, 10
1609, 45.51825664996103, 10
1610, 45.40521798098613, 10
1611, 45.31218936938452, 10
1612, 45.81894178261895, 10
1613, 45.622765606268146, 10
1614, 45.589807526770464, 10
1615, 45.68687128651912, 10
1616, 45.676413513957, 10
1617, 45.97307453658095, 10
1618, 45.97072270994631, 10
1619, 50.03545946105242, 10
1620, 51.01715872109639, 10
1621, 50.99508085348552, 10
1622, 45.93724520146059, 10
1623, 47.31445574381018, 10
1624, 47.26585319420668, 10
1625, 47.95394937077282, 10
1626, 47.30653339460607, 10
1627, 48.484153761901574, 10
1628, 48.537907793412074, 10
1629, 49.05732710625255, 10
1630, 52.953254343253235, 10
1631, 53.1874298605374, 10
1632, 52.652418869087256, 10
1633, 52.22961462575272, 10
1634, 52.76410632739782, 10
1635, 52.2417981601797, 10
1636, 51.235043590107665, 10
1637, 52.23700342207405, 10
1638, 51.771427642364, 10
1639, 51.72739138233877, 10
1640, 51.393371413994124, 10
1641, 50.21209349509406, 10
1642, 50.122414203340355, 10
1643, 50.514352796228614, 10
1644, 50.40077254696148, 10
1645, 50.40914633441454, 10
1646, 51.96725149467158, 10
1647, 51.69377040963068, 10
1648, 52.594758799046105, 10
1649, 53.83291142155987, 10
1650, 54.781449932592295, 10
1651, 55.23180524334624, 10
1652, 56.349894375776195, 10
1653, 56.37824056350744, 10
1654, 55.82149236986865, 10
1655, 54.1980691308641, 10
1656, 55.20558168062199, 10
1657, 59.39936280389419, 11
1658, 58.43813652292923, 11
1659, 59.13814735500292, 11
1660, 59.19254497714802, 11
1661, 58.81696331417172, 11
1662, 57.94739433556183, 11
1663, 58.64706721792402, 11
1664, 58.74576721118191, 11
1665, 58.71644287360288, 11
1666, 58.30531341964772, 11
1667, 58.24207589154532, 11
1668, 58.36406337759878, 11
1669, 59.07803750153332, 11
1670, 59.418765284119495, 11
1671, 59.43904355388527, 11
1672, 59.43004573926067, 11
1673, 58.114955546483294, 11
1674, 58.50574721430058, 11
1675, 58.56620606075726, 11
1676, 58.551060073030925, 11
1677, 59.451189087619966, 11
1678, 60.56102195209741, 11
1679, 60.263642911790605, 11
1680, 60.31311535470271, 11
1681, 60.647756207662155, 11
1682, 60.57493612284912, 11
1683, 60.19401525075073, 11
1684, 60.602807713690794, 11
1685, 60.67340096759066, 11
1686, 60.54164464065332, 11
1687, 60.507881227027774, 11
1688, 59.39925503844792, 11
1689, 59.49872627916845, 11
1690, 62.981744182190916, 11
1691, 63.36519591900334, 11
1692, 63.41313509326497, 11
1693, 63.37254590139101, 11
1694, 65.11779075588571, 11
1695, 65.43944457576086, 11
1696, 65.97802671620795, 11
1697, 67.28787138103762, 11
1698, 67.37314903784299, 11
1699, 66.83494461696101, 11
1700, 66.47602064743472, 11
1701, 67.41831879775785, 11
1702, 66.04631194534242, 11
1703, 65.25642079844127, 11
1704, 65.29835614186274, 11
1705, 63.84129613773323, 11
1706, 64.72554121455227, 11
1707, 64.67039830274875, 11
1708, 64.43221631019196, 11
1709, 64.12783924865435, 11
1710, 64.48978350184196, 11
1711, 64.06185096064328, 11
1712, 63.686265377640716, 11
1713, 64.02565647242838, 11
1714, 64.96019681944402, 11
1715, 65.2578552007536, 11
1716, 65.10310434721114, 11
1717, 64.62045682540735, 11
1718, 64.49739154736407, 11
1719, 63.37918758429486, 11
1720, 63.37555684586661, 11
1721, 63.33249433107143, 11
1722, 63.37594973161204, 11
1723, 63.38650288409833, 11
1724, 63.37078256353329, 11
1725, 64.35749446126157, 11
1726, 64.80650478897103, 11
1727, 64.75800481199637, 11
1728, 64.76356796205027, 11
1729, 64.09588348556166, 11
1730, 63.59545476192459, 11
1731, 64.01212300234782, 11
1732, 64.37296349482511, 11
1733, 64.41890926860125, 11
1734, 64.37243076252658, 11
1735, 63.84167121546246, 11
1736, 63.39609566966904, 11
1737, 63.95329804430555, 11
1738, 64.02090356670452, 11
1739, 64.95487262803982, 11
1740, 64.98610314443368, 11
1741, 64.93004466155787, 11
1742, 63.96418042511284, 11
1743, 69.48969970555618, 12
1744, 70.31711724204236, 12
1745, 70.65425380084565, 12
1746, 71.04360931360704, 12
1747, 65.19621383334496, 11
1748, 65.1058715247287, 11
1749, 65.54056611615057, 11
1750, 64.23048518887342, 11
1751, 69.26996490925347, 12
1752, 69.33131066410904, 12
1753, 68.35339119840441, 12
1754, 68.50029072090477, 12
1755, 67.28928919034996, 12
1756, 67.1979895078614, 12
1757, 67.19431923646793, 12
1758, 67.74364678212481, 12
1759, 67.12445614998282, 12
1760, 68.65883257152984, 12
1761, 69.26374018597141, 12
1762, 69.175060943326, 12
1763, 69.857014298, 12
1764, 70.06397193489228, 12
1765, 70.05352055614132, 12
1766, 69.97307991464808, 12
1767, 70.0123538243688, 12
1768, 73.17097642859972, 13
1769, 77.29679212159175, 13
1770, 77.33529626169972, 13
1771, 76.38137383536994, 13
1772, 75.8362546333781, 13
1773, 75.7790010369948, 13
1774, 76.17431383480016, 13
1775, 76.23158120586801, 13
1776, 76.22687861546895, 13
1777, 76.15309697756989, 13
1778, 71.07609016467909, 12
1779, 71.75123655273389, 12
1780, 70.2849632032919, 12
1781, 69.15082787248456, 12
1782, 67.84980567672102, 12
1783, 68.21804510389101, 12
1784, 68.27091746395448, 12
1785, 69.85291499260858, 12
1786, 70.41098099162193, 12
1787, 69.57201451625761, 12
1788, 70.04534405294697, 12
1789, 69.54690401906527, 12
1790, 69.56897826836351, 12
1791, 69.57492026530876, 12
1792, 68.5998680916316, 12
1793, 71.32892803837888, 12
1794, 70.7938760435133, 12
1795, 71.18207676877613, 12
1796, 71.6846676832196, 12
1797, 70.68513055118795, 12
1798, 72.04873681652886, 12
1799, 73.36737968413144, 12
1800, 74.46034750600943, 12
1801, 74.47248284027215, 12
1802, 73.89533501655431, 12
1803, 74.77899817788544, 12
1804, 74.15590122346178, 12
1805, 74.26405985911323, 12
1806, 74.72086049210282, 12
1807, 74.69667545859664, 12
1808, 74.26064898655676, 12
1809, 74.97980075629663, 12
1810, 78.6483543373335, 13
1811, 80.52777553015366, 13
1812, 80.57643224914223, 13
1813, 85.23344732795192, 13
1814, 84.78293212253853, 13
1815, 84.23637144058678, 13
1816, 84.10407575609585, 13
1817, 86.4409023704199, 13
1818, 86.79801582770594, 13
1819, 86.79563474141683, 13
1820, 86.2577749371337, 13
1821, 86.2077878388948, 13
1822, 80.92439831248372, 13
1823, 79.89290475639994, 13
1824, 79.17309477061826, 13
1825, 80.2857640520664, 13
1826, 81.18094809520146, 13
1827, 81.21836688230206, 13
1828, 81.12072127636365, 13
1829, 80.50277841177586, 13
1830, 79.0899513481365, 13
1831, 84.49351977434681, 13
1832, 87.94628692673129, 14
1833, 87.36593437139726, 14
1834, 88.11811072230333, 14
1835, 89.5454374690415, 14
1836, 90.60613207474046, 14
1837, 92.33082200540264, 14
1838, 92.25546568996086, 14
1839, 91.20166692003832, 14
1840, 91.55769148123161, 14
1841, 92.12021135760054, 14
1842, 97.15174627282236, 15
1843, 96.92638891226726, 15
1844, 96.18904829777145, 15
1845, 94.2937216818914, 15
1846, 95.65920052544135, 15
1847, 96.07308198322312, 15
1848, 95.6391194390874, 15
1849, 96.2322566548653, 15
1850, 96.12158597965384, 15
1851, 94.12250262909596, 15
1852, 94.17845641540765, 15
1853, 91.79095687135381, 15
1854, 93.00476331435783, 15
1855, 92.4379648793791, 15
1856, 91.95463983108552, 15
1857, 92.98567824101386, 15
1858, 85.61889998431592, 14
1859, 85.64549139516538, 14
1860, 85.62728352690762, 14
1861, 84.57766984426316, 14
1862, 87.8297721401409, 15
1863, 87.81143085431074, 15
1864, 86.59315785459768, 15
1865, 86.5742340243662, 15
1866, 82.3321306473613, 14
1867, 82.4314928100226, 14
1868, 82.43241580074566, 14
1869, 81.59287981344652, 14
1870, 82.9078039887894, 14
1871, 82.40769935192478, 14
1872, 83.87603253079268, 14
1873, 84.40553362483635, 14
1874, 83.34146726108546, 14
1875, 83.26763275152027, 14
1876, 82.93474054905215, 14
1877, 81.38216247269519, 14
1878, 81.97310280501667, 14
1879, 81.42963320656536, 14
1880, 81.29053769873549, 14
1881, 82.4609854874348, 14
1882, 81.2942892361749, 14
1883, 80.93936645760914, 14
1884, 80.45847321889448, 14
1885, 79.13621927883842, 14
1886, 81.04743207753792, 14
1887, 81.73027854014708, 14
1888, 81.67106222403201, 14
1889, 82.0624497929869, 14
1890, 82.16113893680513, 14
1891, 82.8465238583258, 14
1892, 83.26446003666128, 14
1893, 82.81573913196846, 14
1894, 85.00531742569763, 14
1895, 85.28880850840707, 14
1896, 85.39195983323353, 14
1897, 85.26870354341924, 14
1898, 90.03523206777245, 14
1899, 90.87124652526961, 14
1900, 91.32107040123174, 14
1901, 92.34205414388258, 14
1902, 92.25270916570078, 14
1903, 92.24576305837311, 14
1904, 91.71064316989381, 14
1905, 91.60426775620375, 14
1906, 91.54872273151244, 14
1907, 91.46647526394962, 14
1908, 90.99748131722957, 14
1909, 90.99668946093628, 14
1910, 89.05528575327276, 14
1911, 89.85506584910048, 14
1912, 88.94263976130463, 14
1913, 88.90824581192074, 14
1914, 88.93017412840051, 14
1915, 91.04381129249475, 14
1916, 92.17077605974487, 14
1917, 91.81408147608084, 14
1918, 91.8830260456872, 14
1919, 91.83531779151836, 14
1920, 91.28772919789266, 14
1921, 89.95617671103194, 14
1922, 89.92810245752622, 14
1923, 89.92182011293784, 14
1924, 90.72191796290443, 14
1925, 91.72780537939303, 14
1926, 91.74694524156834, 14
1927, 91.24159717195701, 14
1928, 92.58803198458594, 14
1929, 92.57459506300052, 14
1930, 90.9999602029789, 14
1931, 90.99950843435957, 14
1932, 90.55333194819649, 14
1933, 90.99367502487848, 14
1934, 92.83527339531899, 14
1935, 92.35844066431964, 14
1936, 91.95159153063186, 14
1937, 92.80603672339718, 14
1938, 90.83233019604208, 14
1939, 90.21722379041391, 14
1940, 90.43175234416816, 14
1941, 91.86127004004584, 14
1942, 92.41712414015784, 14
1943, 91.44169915808884, 14
1944, 92.03852835446592, 14
1945, 92.86419249364049, 14
1946, 92.77671850726162, 14
1947, 90.87975896854239, 14
1948, 90.90872605141142, 14
1949, 89.89183340817296, 14
1950, 89.46182740643253, 14
1951, 89.84927014355102, 14
1952, 89.72886794190866, 14
1953, 89.2699135277258, 14
1954, 89.39123583387699, 14
1955, 89.68199703024545, 14
1956, 90.16780122426064, 14
1957, 90.09661371450338, 14
1958, 89.55174194251798, 14
1959, 91.75882032209356, 14
1960, 92.75678698811225, 14
1961, 93.2107891636917, 14
1962, 93.19157344534557, 14
1963, 93.64268831136681, 14
1964, 92.51314791217719, 14
1965, 93.04825203934905, 14
1966, 92.5631653586099, 14
1967, 92.98860125723247, 14
1968, 92.98225303389967, 14
1969, 92.54477039947741, 14
1970, 92.03797430636624, 14
1971, 92.0363210095552, 14
1972, 88.67693152376037, 14
1973, 86.42948320586113, 14
1974, 87.6357834176954, 14
1975, 87.5464073448752, 14
1976, 88.01442390070187, 14
1977, 86.72756345236401, 14
1978, 87.20672959895236, 14
1979, 86.71171211270052, 14
1980, 88.31429831661632, 14
1981, 87.11770416940557, 14
1982, 87.08498863794327, 14
1983, 87.54060655911611, 14
1984, 87.12245883271386, 14
1985, 87.11311729832435, 14
1986, 85.48275893424507, 14
1987, 85.84812252133929, 14
1988, 85.72721669707376, 14
1989, 84.84334471726983, 14
1990, 85.54521667594092, 14
1991, 85.14213510802429, 14
1992, 78.7488256727411, 14
1993, 81.47757849624149, 14
1994, 81.48124125250912, 14
1995, 81.46376059697951, 14
1996, 81.87273514221309, 14
1997, 81.93263848492549, 14
1998, 81.89804843833612, 14
1999, 82.23585032473162, 14
2000, 82.32445895929736, 14
2001, 81.40175020535118, 14
2002, 80.67290146321841, 14
2003, 80.65315279452004, 14
2004, 80.60754138727779, 14
2005, 81.73536351021981, 14
2006, 81.17264360212582, 14
2007, 81.88348120505434, 14
2008, 82.26191714219982, 14
2009, 82.72454755407134, 14
2010, 81.13375565676125, 14
2011, 80.7238030906443, 14
2012, 85.06657013934245, 15
2013, 84.6825447208322, 15
2014, 84.22905865571829, 15
2015, 84.15361597180349, 15
2016, 84.10536083355595, 15
2017, 84.17146217680896, 15
2018, 83.49928889742029, 15
2019, 84.58746901440018, 15
2020, 84.82725603098014, 15
2021, 84.87752106858204, 15
2022, 84.92913452641363, 15
2023, 84.65635331335396, 15
2024, 84.41323077771237, 15
2025, 84.04606610906303, 15
2026, 82.88560636949991, 15
2027, 82.54853760010093, 15
2028, 82.53930848673146, 15
2029, 82.90069834228338, 15
2030, 82.19882856521436, 15
2031, 82.20382997939303, 15
2032, 82.4718796586178, 15
2033, 83.01191204235225, 15
2034, 82.80667611634102, 15
2035, 83.45842458795028, 15
2036, 83.39147059881266, 15
2037, 83.46811564341327, 15
2038, 81.98626390365385, 15
2039, 76.55714743904987, 14
2040, 76.90972839038383, 14
2041, 76.55314109299297, 14
2042, 76.49785801242857, 14
2043, 76.48230938278836, 14
2044, 76.0644137265185, 14
2045, 76.07955854303728, 14
2046, 75.83507193249639, 14
2047, 75.42674159547579, 14
2048, 75.2356628455304, 14
2049, 75.53384951155861, 14
2050, 75.52051621368786, 14
2051, 75.56674693656139, 14
2052, 75.95189960466378, 14
2053, 75.23450577071159, 14
2054, 75.34956612710634, 14
2055, 75.57023610121438, 14
2056, 77.86812999396261, 14
2057, 77.87495934049876, 14
2058, 77.89958180891514, 14
2059, 77.10287344824097, 14
2060, 77.13073894472171, 14
2061, 77.09498710400986, 14
2062, 77.10835060848872, 14
2063, 76.78854168343034, 14
2064, 76.75287361228092, 14
2065, 76.78151332160832, 14
2066, 77.73147652944157, 14
2067, 77.71660521882728, 14
2068, 77.65507701251428, 14
2069, 77.33676965749433, 14
2070, 77.3960394469355, 14
2071, 77.65431080753719, 14
2072, 76.60160015852865, 14
2073, 76.27386150506189, 14
2074, 76.17393063159574, 14
2075, 76.57796642667508, 14
2076, 76.6027141515118, 14
2077, 76.54466692252137, 14
2078, 75.951497850733, 14
2079, 76.8833072061082, 14
2080, 76.9020561642207, 14
2081, 76.77663602984595, 14
2082, 76.79679471676101, 14
2083, 76.91531139009747, 14
2084, 76.12057412331455, 14
2085, 76.94552970024692, 14
2086, 77.48767423261127, 14
2087, 77.48561508970087, 14
2088, 76.96754178005027, 14
2089, 77.49583395279033, 14
2090, 78.28783766068585, 14
2091, 78.74356668938267, 14
2092, 78.30936290249583, 14
2093, 78.27297648462621, 14
2094, 77.83826711363064, 14
2095, 78.76460883890255, 14
2096, 79.15675617691326, 14
2097, 78.79754620172653, 14
2098, 78.7678713340708, 14
2099, 79.23337134985373, 14
2100, 77.87945582765703, 14
2101, 78.18931867965506, 14
2102, 78.18302020292204, 14
2103, 78.58313206884188, 14
2104, 78.15144874077895, 14
2105, 78.13342246496659, 14
2106, 78.2031122702149, 14
2107, 78.29563631102155, 14
2108, 78.99966943068964, 14
2109, 79.36549025699759, 14
2110, 79.3180307260951, 14
2111, 79.93742507261516, 14
2112, 81.50406607340793, 14
2113, 81.41592694644102, 14
2114, 79.48948232452769, 14
2115, 79.46725855105595, 14
2116, 79.41535078823843, 14
2117, 79.07642046447256, 14
2118, 79.48127273950819, 14
2119, 78.7219375615427, 14
2120, 79.36290305008157, 14
2121, 79.78141761413075, 14
2122, 79.83804454256507, 14
2123, 79.75816841575411, 14
2124, 79.31512388275387, 14
2125, 79.15578608255625, 14
2126, 78.8187524660669, 14
2127, 79.22117289968122, 14
2128, 79.26074306320383, 14
2129, 79.23823996120244, 14
2130, 79.53953365302439, 14
2131, 79.56450937123806, 14
2132, 79.87701126991533, 14
2133, 79.55248136399355, 14
2134, 79.86019955341077, 14
2135, 80.12668566160012, 14
2136, 78.62788411132593, 14
2137, 78.22886491818974, 14
2138, 78.5111123446055, 14
2139, 80.29460632656402, 14
2140, 82.20292538672732, 14
2141, 86.4929601160043, 15
2142, 87.67628064599748, 15
2143, 87.74021983938755, 15
2144, 87.70173206143885, 15
2145, 86.96441714894702, 15
2146, 90.82850932124637, 16
2147, 92.4630044665545, 16
2148, 93.24964598421266, 16
2149, 92.35236070095, 16
2150, 92.15638941071714, 16
2151, 92.23957526816831, 16
2152, 90.61605429624515, 16
2153, 94.3635380698001, 16
2154, 94.36302766945379, 16
2155, 94.41591837406968, 16
2156, 94.30054760863781, 16
2157, 95.0613180921004, 16
2158, 93.84705417623461, 16
2159, 94.20218038008962, 16
2160, 94.2372518510761, 16
2161, 94.10884961542938, 16
2162, 95.63851514480363, 16
2163, 95.83789631434767, 16
2164, 95.52666374762585, 16
2165, 95.03774799064273, 16
2166, 95.4139910638789, 16
2167, 94.76618166205189, 16
2168, 94.6400577231624, 16
2169, 94.67766374362897, 16
2170, 95.5504547400323, 16
2171, 99.32793328095605, 16
2172, 99.9460585654543, 16
2173, 101.10989534804695, 16
2174, 94.7027887281428, 16
2175, 94.66735248632713, 16
2176, 95.78770661768031, 16
2177, 100.20565327342311, 16
2178, 99.82338226757663, 16
2179, 99.32239266280726, 16
2180, 99.30233481927199, 16
2181, 98.56956036147763, 16
2182, 98.12302466205385, 16
2183, 98.46936847620267, 16
2184, 98.24784365398139, 16
2185, 97.75681142229931, 16
2186, 97.81847760848972, 16
2187, 99.61723061038195, 16
2188, 99.39376687442767, 16
2189, 100.41904808119128, 16
2190, 100.78543947762236, 16
2191, 101.02398312517187, 16
2192, 100.16636337078715, 16
2193, 101.70290973516086, 16
2194, 100.824475693553, 16
2195, 100.79157120586905, 16
2196, 101.74984734831678, 16
2197, 100.89537002057573, 16
2198, 100.7916035441446, 16
2199, 101.07968483715526, 16
2200, 102.72935577579442, 16
2201, 103.13245575110965, 16
2202, 103.19778898845138, 16
2203, 102.82039891349405, 16
2204, 103.84014438463454, 16
2205, 104.68832178911461, 16
2206, 104.24501210087583, 16
2207, 104.21116130871286, 16
2208, 104.23287434820105, 16
2209, 104.96278957265784, 16
2210, 103.26804204840656, 16
2211, 103.70167353550703, 16
2212, 104.55772926199872, 16
2213, 104.12545560459463, 16
2214, 104.48918648701795, 16
2215, 106.08738644335563, 16
2216, 105.58853363640453, 16
2217, 105.88190677204886, 16
2218, 107.99935224095469, 17
2219, 108.31614870419929, 17
2220, 108.89831918307037, 17
2221, 109.11585424445698, 17
2222, 108.55707636233667, 17
2223, 109.49771818432463, 17
2224, 110.3546555076746, 17
2225, 104.31675431053227, 16
2226, 103.060164607261, 16
2227, 102.98930076447489, 16
2228, 102.18228558985717, 16
2229, 102.95300425845251, 16
2230, 102.0968689208613, 16
2231, 103.23365917264188, 16
2232, 102.42837401424843, 16
2233, 102.38530782603397, 16
2234, 102.75269843345708, 16
2235, 100.71936951097236, 16
2236, 101.13635744741923, 16
2237, 100.63282695120445, 16
2238, 100.78379302802236, 16
2239, 101.95156180791076, 16
2240, 101.45628048419533, 16
2241, 101.36242007671373, 16
2242, 101.48891372561648, 16
2243, 101.39858317318807, 16
2244, 101.02904203249616, 16
2245, 98.96967848109797, 16
2246, 98.61055309983286, 16
2247, 98.20388224205446, 16
2248, 99.35392831363399, 16
2249, 103.6540004172607, 17
2250, 103.85565287965585, 17
2251, 103.48976757139332, 17
2252, 103.11367349102852, 17
2253, 102.79731152373506, 17
2254, 102.59440676926258, 17
2255, 102.19238476325557, 17
2256, 106.76255926476759, 18
2257, 106.90955627484271, 18
2258, 107.23886556079185, 18
2259, 107.79693196206792, 18
2260, 107.86105491691578, 18
2261, 111.89529701481618, 18
2262, 111.91637314786551, 18
2263, 112.1456565704502, 18
2264, 112.44343605143649, 18
2265, 111.80012966568864, 18
2266, 111.78100766079058, 18
2267, 110.8311940939249, 18
2268, 110.9056717388078, 18
2269, 110.43039848214431, 18
2270, 110.38790589900648, 18
2271, 110.8355156157313, 18
2272, 110.8887109962825, 18
2273, 110.13237950793912, 18
2274, 103.48150033397562, 18
2275, 102.39092681881559, 18
2276, 101.23809899723624, 18
2277, 96.05620911244606, 17
2278, 95.83788257737321, 17
2279, 95.89652439893834, 17
2280, 95.98496476082782, 17
2281, 95.5580034351572, 17
2282, 95.58713583238665, 17
2283, 95.24426093150379, 17
2284, 96.36876261802091, 17
2285, 96.23437114760581, 17
2286, 96.85368920032295, 17
2287, 97.31253825406749, 17
2288, 97.2425349490674, 17
2289, 97.23206789032007, 17
2290, 97.02773700743909, 17
2291, 96.12897347562343, 17
2292, 96.59714827062896, 17
2293, 97.63837361430915, 17
2294, 101.36004886877551, 17
2295, 101.3186775875413, 17
2296, 101.62072510301427, 17
2297, 101.48103326336573, 17
2298, 103.24921075033357, 17
2299, 102.6119025433254, 17
2300, 106.59454215388048, 18
2301, 106.20405038700181, 18
2302, 111.12709574674955, 18
2303, 111.2250512919901, 18
2304, 111.26659740525116, 18
2305, 110.09724186780565, 18
2306, 110.37880711557523, 18
2307, 110.27408377868056, 18
2308, 110.686770340077, 18
2309, 111.5981418853608, 18
2310, 111.51676364725279, 18
2311, 111.32186781449755, 18
2312, 111.64943464646336, 18
2313, 111.58986597800146, 18
2314, 111.89426952413501, 18
2315, 111.5232873489671, 18
2316, 113.03509617978455, 18
2317, 112.28660338129345, 18
2318, 113.72893143027542, 18
2319, 114.808403723884, 18
2320, 115.94823189993917, 18
2321, 115.86599092615049, 18
2322, 115.51436714538812, 18
2323, 114.58529059245905, 18
2324, 115.8697104116763, 18
2325, 116.12709135779761, 18
2326, 115.04901539687913, 18
2327, 115.51947911182833, 18
2328, 116.388928606762, 18
2329, 116.4729029830419, 18
2330, 115.8849434722944, 18
2331, 114.93729992706989, 18
2332, 116.48880111589682, 18
2333, 115.71975196384048, 18
2334, 115.67247091707478, 18
2335, 116.00372460502973, 18
2336, 115.57988034834514, 18
2337, 115.02670729019198, 18
2338, 114.72649441421575, 18
2339, 113.89394033032679, 18
2340, 113.51269616105103, 18
2341, 113.41162453459256, 18
2342, 114.12563179334313, 18
2343, 114.53855950680224, 18
2344, 114.48973072402725, 18
2345, 114.52181404769996, 18
2346, 115.12637489830868, 18
2347, 115.50972504478435, 18
2348, 114.31386003492963, 18
2349, 113.1023484077474, 18
2350, 113.4566427524656, 18
2351, 113.8564406527473, 18
2352, 113.93356468427748, 18
2353, 114.59709400895278, 18
2354, 113.89745430920425, 18
2355, 113.9284056463058, 18
2356, 114.15766942736562, 18
2357, 113.99408043025355, 18
2358, 114.48924681128881, 18
2359, 114.46247762926592, 18
2360, 114.83469362189209, 18
2361, 114.48894048509439, 18
2362, 114.44601896514678, 18
2363, 114.74701785561689, 18
