0, 0, 2
1, 0, 2
2, 1.3862943611198906, 2
3, 5.545177444479562, 2
4, 4.969813299576001, 2
5, 2.197224577336219, 2
6, 3.5835189384561104, 2
7, 3.5835189384561104, 2
8, 3.5835189384561104, 2
9, 3.0081547935525483, 2
10, 3.0081547935525483, 2
11, 3.0081547935525483, 2
12, 3.0081547935525483, 2
13, 4.630015225985207, 2
14, 6.591673732008659, 2
15, 10.514990744055563, 2
16, 10.514990744055563, 2
17, 10.514990744055563, 2
18, 13.523145537608112, 2
19, 8.634589591074922, 2
20, 0, 2
21, 3.11878534588077, 2
22, 2.1214657955240495, 2
23, 0.43531118433725025, 2
24, 4.463213565554853, 2
25, 6.965554737309156, 2
26, 4.759250646727287, 2
27, 1.8260338243877208, 2
28, 1.2758207149415866, 2
29, 0.49550632475587586, 2
30, 5.741272758084255, 2
31, 1.9486906553215224, 2
32, 2.0222592517375997, 2
33, 1.8704650696417275, 2
34, 2.1528210797095815, 2
35, 0.617441264811636, 2
36, 2.6365485806230606, 2
37, 0.5968485108436014, 2
38, 1.692072375456445, 2
39, 2.065767043951012, 2
40, 0.9196837237942431, 2
41, 0, 2
42, 0.4974279262824131, 2
43, 0.3514595936182903, 2
44, 1.243115719336582, 2
45, 1.0118576761495721, 2
46, 0.01877948069967817, 2
47, 0.2638160229100001, 2
48, 0.6675535333113896, 2
49, 0.5735158886439531, 2
50, 0.5821594078671837, 2
51, 0.8302361976063983, 2
52, 0.05333412347786062, 2
53, 0.46926814254168986, 2
54, 0.42853007217900296, 2
55, 0.688059192654459, 2
56, 0.1309723335045674, 2
57, 0.17985921957521545, 2
58, 0.14165307215843181, 2
59, 0.6188704297544148, 2
60, 0.03028656202149907, 2
61, 0.45773829997066146, 2
62, 0.8372459005160987, 2
63, 0.19209476187018132, 2
64, 0.3948806121640064, 2
65, 0.854591479018308, 2
66, 0.13216566813951783, 2
67, 0.2782477289757436, 2
68, 0.1503503452425444, 2
69, 0.40298677706887054, 2
70, 0.31060867969261574, 2
71, 0.13958319764904314, 2
72, 0.29251336275340073, 2
73, 0.3866562417468622, 2
74, 0.2282027346496407, 2
75, 0.263804941002093, 2
76, 0.31479334482914734, 2
77, 0.47171051181894197, 2
78, 0.08745785338420274, 2
79, 0.24321544602089576, 2
80, 0.20281625453352187, 2
81, 3.315456902624199, 2
82, 2.866242052996473, 2
83, 2.3543657923818047, 2
84, 2.494318076051065, 2
85, 1.945062795696602, 2
86, 1.7647409250301416, 2
87, 1.7311076176770521, 2
88, 0.25519179743433384, 2
89, 0.08327489327701933, 2
90, 0.3719529988130582, 2
91, 0.21008839835992665, 2
92, 0.3779933768959451, 2
93, 0.4199783731118197, 2
94, 0.07246309890960244, 2
95, 0.110938881482501, 2
96, 0.22927700375505475, 2
97, 0.2080778239359406, 2
98, 0.25680182879733954, 2
99, 0.3756560903788305, 2
100, 0.12925858582041153, 2
101, 0.12259669564022871, 2
102, 0.031143250334403415, 2
103, 0.09523369111409827, 2
104, 0.030479926946374258, 2
105, 1.994850884830525, 2
106, 3.0368702742036664, 2
107, 2.1593816009850615, 2
108, 2.1994310976898754, 2
109, 2.204898737893165, 2
110, 2.133576310533634, 2
111, 1.9337081209468614, 2
112, 1.8167845202674613, 2
113, 1.8477525051618078, 2
114, 1.0296787643206133, 2
115, 1.1816385728009868, 2
116, 1.105780868115038, 2
117, 1.6616000793905727, 2
118, 3.528660948049275, 2
119, 3.5381269641441455, 2
120, 3.779053212254373, 2
121, 3.63756119669224, 2
122, 3.268271512672885, 2
123, 0.7946313174017223, 2
124, 0.7731075303550218, 2
125, 0.7864884459868449, 2
126, 0.768829892311415, 2
127, 0.8890992644877616, 2
128, 1.4109079825066342, 2
129, 0.8364798741415261, 2
130, 2.703195768219571, 2
131, 2.465066083194396, 2
132, 2.449639257319153, 2
133, 1.2797266598702153, 2
134, 1.3153275508068443, 2
135, 1.2718872155109906, 2
136, 2.055361169196309, 2
137, 1.1770938584342303, 2
138, 1.16951671498359, 2
139, 1.2727214278771115, 2
140, 0.797752181656747, 2
141, 1.202921234489989, 2
142, 1.1517607977942999, 2
143, 0.8084753599343607, 2
144, 0.7752939569549943, 2
145, 0.7735836707765543, 2
146, 0.7861583708208008, 2
147, 0.7865756450023034, 2
148, 1.1369766586202361, 2
149, 0.8027503581483209, 2
150, 0.7697457327709578, 2
151, 0.7791802468151403, 2
152, 0.812391320593036, 2
153, 0.8323985023784225, 2
154, 0.7404995539912566, 2
155, 1.1353941021874379, 2
156, 1.1018007751452825, 2
157, 0.8428411360627185, 2
158, 0.7691575040246172, 2
159, 0.09538868641034055, 2
160, 0.09981652766925672, 2
161, 0.061237875631395426, 2
162, 0.11867952141710797, 2
163, 0.23035781818025436, 2
164, 0.23076765820723677, 2
165, 0.24697530706923215, 2
166, 0.14268594911346402, 2
167, 0.1800831546677998, 2
168, 0.09031602478177099, 2
169, 0.06949210531291893, 2
170, 0.039672102352746874, 2
171, 0.04392775554890935, 2
172, 0.21608560078197928, 2
173, 0.04986135961898673, 2
174, 0.08326519931057828, 2
175, 0.07057255288775349, 2
176, 0.623414914071701, 2
177, 0.7457605735590888, 2
178, 0.7775293919966758, 2
179, 0.9773977990191193, 2
180, 0.8841185266708719, 2
181, 1.2214765924042863, 2
182, 1.147943288168852, 2
183, 1.2452392774348282, 2
184, 1.2102804235697115, 2
185, 1.0965567504808, 2
186, 2.63983745401323, 2
187, 3.7464589991345885, 2
188, 4.297363782218095, 2
189, 3.1607094422549213, 2
190, 4.082816701125973, 2
191, 3.3324384886365293, 2
192, 3.3087654699261977, 2
193, 1.7281130550757928, 2
194, 2.0154728990917534, 2
195, 1.7387296007688078, 2
196, 0.8926494782144516, 2
197, 0.7874953206209149, 2
198, 0.8624937300653908, 2
199, 0.5681124114106313, 2
200, 0.5172588138884924, 2
201, 0.5104052714185506, 2
202, 0.7523275839096828, 2
203, 0.526699944025398, 2
204, 0.14183027392699116, 2
205, 0.11788848468698969, 2
206, 0.11038423425063852, 2
207, 0.14145461406651844, 2
208, 0.4434734176326406, 2
209, 0.49294917770479424, 2
210, 0.43434082567184185, 2
211, 0.4586424448968873, 2
212, 0.4097216595734299, 2
213, 0.5093808407587396, 2
214, 0.47716668941432666, 2
215, 0.4438533250457678, 2
216, 0.44147120010174123, 2
217, 0.14389603651825722, 2
218, 0.0284370666537018, 2
219, 0.04082078602789078, 2
220, 0.13931289693834117, 2
221, 0.01137980852892519, 2
222, 0.04832501013313163, 2
223, 0.08253275128878772, 2
224, 0.04766317846040252, 2
225, 0.3984735235881766, 2
226, 0.4137498436958329, 2
227, 0.39048016826519877, 2
228, 0.43168919351520174, 2
229, 0.04706638028006139, 2
230, 0.07578318024824789, 2
231, 0.13256706009604205, 2
232, 0.09341893023705887, 2
233, 0.0458465310131339, 2
234, 0.11283053421889383, 2
235, 0, 2
236, 0.33268354088953495, 2
237, 0.32180990112793817, 2
238, 0.559810348713463, 2
239, 0.5583095002438028, 2
240, 0.6039912867368612, 2
241, 0.5833184759156547, 2
242, 0.6102381557998094, 2
243, 0.5775443217886078, 2
244, 0.5625461377542893, 2
245, 0.3100670601394552, 2
246, 0.31764476481280707, 2
247, 0.35910882737243943, 2
248, 0.38210913914559086, 2
249, 0.37028643991498883, 2
250, 0.3352938677080308, 2
251, 0.31268046824118373, 2
252, 0.3178713518747288, 2
253, 0.5703176679331299, 2
254, 0.5330641856406081, 2
255, 0.34640510353959153, 2
256, 0.3396532334941723, 2
257, 0.35246716247827536, 2
258, 0.32559155785502264, 2
259, 0.3349731319514272, 2
260, 0.3631438604780098, 2
261, 0.35844641988343334, 2
262, 0.5191919157882318, 2
263, 0.3349792845540193, 2
264, 0.0210558009524323, 2
265, 0.15038422387706948, 2
266, 0.01744601275795597, 2
267, 0.13775884190449725, 2
268, 0.0869173931340628, 2
269, 0.10836338372803989, 2
270, 0.08768864396562026, 2
271, 0.002405291931520945, 2
272, 0.13987957167336507, 2
273, 0.031536974386374116, 2
274, 0.0063561363076550595, 2
275, 0.07289898427263818, 2
276, 0.0379341384623363, 2
277, 0.019515209094266482, 2
278, 0.11267936972658242, 2
279, 0.1279370642022784, 2
280, 0.03744359744005963, 2
281, 0.03716462665541498, 2
282, 0.06642257980395694, 2
283, 0.10439208122961421, 2
284, 0.04716933240636155, 2
285, 0.09066720904133829, 2
286, 0.002211166615499298, 2
287, 0.06414890632393147, 2
288, 0.17126974879659435, 2
289, 0.0817526580975846, 2
290, 0.05533914412079031, 2
291, 0.01808214556926249, 2
292, 0.14643093761587558, 2
293, 0.10802916243116503, 2
294, 0.08238851702329374, 2
295, 0.12284503429580527, 2
296, 0.08156930596211209, 2
297, 0.11709160585272106, 2
298, 0.05418124379080928, 2
299, 0.12511810869143822, 2
300, 0.09417179833123887, 2
301, 0.03348474275125001, 2
302, 0.06991440482355653, 2
303, 0.04886550449874898, 2
304, 0.0622548770601912, 2
305, 0, 2
306, 0.07917641916337488, 2
307, 0.04235630440558274, 2
308, 0.06511655031510476, 2
309, 0.06937072796642224, 2
310, 0.013922868687114186, 2
311, 0.11371968081028054, 2
312, 0.1329103690571278, 2
313, 0.09636850455611194, 2
314, 0.031350480238517185, 2
315, 0.040591785047991075, 2
316, 0.11717509858649067, 2
317, 0.036013507147717214, 2
318, 0, 2
319, 0.07049261838746357, 2
320, 0.3321811888671183, 2
321, 0.5366036914155918, 2
322, 0.5455332791995545, 2
323, 1.1447546482785267, 2
324, 3.5985863283289405, 2
325, 1.175372873974225, 2
326, 1.1615638648384488, 2
327, 1.1687024832225419, 2
328, 0.5293057598605508, 2
329, 0.5238963405056061, 2
330, 0.5275995767339574, 2
331, 0.5175280109625419, 2
332, 1.8056379087383654, 2
333, 1.7938087469124344, 2
334, 1.0492742038610996, 2
335, 1.0418696156574485, 2
336, 1.0262723751636178, 2
337, 1.5409171970660922, 2
338, 1.0618317877722372, 2
339, 1.0964600133265, 2
340, 1.0365645392706324, 2
341, 1.469758346179535, 2
342, 1.4714157056111166, 2
343, 1.4231916600100367, 2
344, 1.3867471104555518, 2
345, 1.036386608033998, 2
346, 1.0742079604311174, 2
347, 0.523974871660216, 2
348, 0.49023458694020594, 2
349, 0.5000362473581402, 2
350, 0.9684688691814624, 2
351, 0.9260491240993898, 2
352, 0.5324471081558143, 2
353, 0.5092534659423645, 2
354, 0.508047448510664, 2
355, 0.47865860840386343, 2
356, 0.5186362745745234, 2
357, 0.4835138320595956, 2
358, 0.479248107518141, 2
359, 0.883092402908191, 2
360, 0.8822848028048074, 2
361, 0.8533218810458849, 2
362, 0.4635236414489164, 2
363, 0.8502528738367794, 2
364, 0.7969670319815774, 2
365, 0.7958347633782454, 2
366, 0.8081234346604429, 2
367, 0.47340587734853984, 2
368, 0.5011138097254118, 2
369, 0.4708510219890359, 2
370, 0.7508951537850684, 2
371, 0.48968208907067295, 2
372, 0.4814836846759139, 2
373, 0.4838848286240741, 2
374, 0.26510965591255087, 2
375, 0.30773252048164185, 2
376, 0.2941346423963158, 2
377, 0.3259073538776028, 2
378, 0.2934569692466423, 2
379, 0.2954609719358168, 2
380, 0.3136774560329188, 2
381, 0.04620160834386134, 2
382, 0.0835669690016967, 2
383, 0.03343473115554675, 2
384, 0.04955093989977793, 2
385, 0.02720646573334394, 2
386, 0.04698871140022189, 2
387, 0.0519968597145683, 2
388, 0.03773494909647301, 2
389, 0.04808892283309153, 2
390, 0.014200101053730528, 2
391, 0.06225337567957017, 2
392, 0.08530338776236342, 2
393, 0.039091829184411016, 2
394, 0.050765936817488595, 2
395, 0.06409682196626645, 2
396, 0.019459315295897932, 2
397, 0.10741702094366527, 2
398, 0.05492817420724029, 2
399, 0.024279438706100952, 2
400, 0.07192815940078735, 2
401, 0.05822069113810549, 2
402, 0.08752888775295818, 2
403, 0.028922899151280653, 2
404, 0.05229852552028781, 2
405, 0.026766809199608884, 2
406, 0.10747970473303134, 2
407, 0.02532923171170354, 2
408, 0.026446982036495485, 2
409, 0.1211297276396866, 2
410, 0.05237968199243679, 2
411, 0.02329414734874702, 2
412, 0.3103553626041064, 2
413, 0.27625647529239, 2
414, 0.30411510766893013, 2
415, 0.29046224978925406, 2
416, 0.09919439867481708, 2
417, 0.006063047863745743, 2
418, 0.09185052048437174, 2
419, 0.020495833408085133, 2
420, 0.02563821019439308, 2
421, 0.023849659714732793, 2
422, 0.0695899888680227, 2
423, 0.2570486542555132, 2
424, 0.23391443310785814, 2
425, 0.024708042337897754, 2
426, 0.0646403434018409, 2
427, 0.058032297870427844, 2
428, 0.0835795804015637, 2
429, 0.0334641380861147, 2
430, 0.01271326641136536, 2
431, 0.03771760838920167, 2
432, 0.05886381576569984, 2
433, 0.2572331856992427, 2
434, 0.42451229649754785, 2
435, 0.4170043216882817, 2
436, 0.4103154959678925, 2
437, 0.38784282216112, 2
438, 0.3988111694602934, 2
439, 0.4269387425943859, 2
440, 0.3976018061075274, 2
441, 0.3961494735705505, 2
442, 0.38120678717202916, 2
443, 0.4097955730091285, 2
444, 0.4099069018831455, 2
445, 0.4206579653794775, 2
446, 0.4245620941822912, 2
447, 1.3520724528003383, 2
448, 1.486019567289419, 2
449, 1.4815839790031835, 2
450, 1.4446582849074403, 2
451, 1.6795120751184864, 2
452, 2.04923558790821, 2
453, 2.0404481519780244, 2
454, 2.028514831183367, 2
455, 2.0141127995873287, 2
456, 2.0501265164165914, 2
457, 2.729085379214861, 2
458, 1.6738469425348341, 2
459, 1.655687741070557, 2
460, 1.869650713354339, 2
461, 1.6533620220509775, 2
462, 1.6621148322518955, 2
463, 1.2728128914883494, 2
464, 0.5703786164572886, 2
465, 0.5917645234348571, 2
466, 0.5807337859885001, 2
467, 0.5932208012145482, 2
468, 0.5767929924490575, 2
469, 0.5943700458847676, 2
470, 0.5855302704624854, 2
471, 0.5963542741408984, 2
472, 0.378297560882481, 2
473, 0.5457610933626172, 2
474, 0.5531509429855742, 2
475, 0.5561939986024393, 2
476, 1.540063365485983, 2
477, 1.5740963487822437, 2
478, 0.5460931295268148, 2
479, 0.5386919185735809, 2
480, 0.544502767783759, 2
481, 0.531982852232702, 2
482, 0.5592038755660668, 2
483, 0.34489571113126966, 2
484, 0.34384325137555066, 2
485, 0.3663886029178314, 2
486, 0.34073595595481987, 2
487, 1.3072320318886836, 2
488, 1.8254330292660845, 2
489, 1.837478294125538, 2
490, 1.847499311040429, 2
491, 1.8144693562880194, 2
492, 1.8172736845431716, 2
493, 1.8135504513283718, 2
494, 1.8316524123798876, 2
495, 1.8466738675039052, 2
496, 1.821587250962391, 2
497, 1.8249918310210482, 2
498, 1.8958778039118545, 2
499, 1.7868731271331906, 2
500, 1.2755371504920743, 2
501, 0.54763875741494, 2
502, 0.5226851410582691, 2
503, 1.150708385156833, 2
504, 1.1619464037901122, 2
505, 0.5189066192176244, 2
506, 0.5203233203237928, 2
507, 0.49734055424921575, 2
508, 0.5292676725972906, 2
509, 0.3703965607022303, 2
510, 0.5141179772700021, 2
511, 0.49788510945197884, 2
512, 0.4984766465667758, 2
513, 0.49049869393444406, 2
514, 1.0388176184064235, 2
515, 0.5121953182007898, 2
516, 0.942565843533136, 2
517, 0.9232027372294483, 2
518, 0.4831927421757059, 2
519, 0.4907434437664984, 2
520, 0.9042243942964799, 2
521, 0.8908444278994652, 2
522, 0.8812696669983269, 2
523, 0.8978325497226365, 2
524, 0.48582208857056103, 2
525, 0.47763978007177094, 2
526, 0.5076067794937784, 2
527, 0.4938327137672764, 2
528, 0.48124249433476357, 2
529, 0.48230200731427914, 2
530, 0.3453425200276105, 2
531, 0.3365884027256664, 2
532, 0.5035154929376762, 2
533, 0.33067756495981954, 2
534, 0.34417325749185984, 2
535, 0.23864840478986152, 2
536, 0.24599973049973703, 2
537, 0.23435025213402041, 2
538, 0.22553232793321173, 2
539, 0.21458647398516076, 2
540, 0.3392027526825952, 2
541, 0.3267909509578388, 2
542, 0.4815549987381538, 2
543, 0.4651604769373398, 2
544, 0.46634530994765216, 2
545, 0.4507387049160166, 2
546, 1.0727530300766, 2
547, 1.090377519023233, 2
548, 1.0727806232943153, 2
549, 1.0624287099929015, 2
550, 1.0476508962953617, 2
551, 1.4026010044259811, 2
552, 1.3999688504315786, 2
553, 1.3914330419787102, 2
554, 1.082820629763829, 2
555, 1.3728351081929953, 2
556, 1.376887875166498, 2
557, 1.068421136198345, 2
558, 1.063846880172026, 2
559, 1.0673106408648714, 2
560, 1.3459242503909994, 2
561, 1.7406603516768977, 2
562, 1.7290027773108076, 2
563, 1.7271808165857467, 2
564, 1.7216046861403596, 2
565, 1.7145031164147013, 2
566, 1.7231360245253222, 2
567, 1.3522911850040347, 2
568, 1.6933771294912319, 2
569, 1.3195392956945022, 2
570, 1.670119052519124, 2
571, 1.6590716994474952, 2
572, 1.6576096839006267, 2
573, 1.6568601805139556, 2
574, 1.6611826170752249, 2
575, 1.6419300889067086, 2
576, 1.9890560876782284, 2
577, 2.0325367416929856, 2
578, 1.6428714554718995, 2
579, 1.7020131389241253, 2
580, 1.9707554128964013, 2
581, 1.9832445349548329, 2
582, 1.6499659876967765, 2
583, 1.960454899289062, 2
584, 4.938332367649946, 3
585, 7.414698021228454, 3
586, 4.760464963181866, 3
587, 4.953321100433449, 3
588, 4.620379663764507, 3
589, 4.5238986110688355, 3
590, 4.663680563794261, 3
591, 5.077648449800139, 3
592, 4.837856688636539, 3
593, 4.799308794556574, 3
594, 5.050389595412264, 3
595, 4.872442742809379, 3
596, 4.549598151258146, 3
597, 4.474597430071322, 3
598, 4.429067507913649, 3
599, 4.465098424308431, 3
600, 4.622832268942828, 3
601, 4.459856643574776, 3
602, 4.4532116230657595, 3
603, 4.474159207687768, 3
604, 4.474132651040169, 3
605, 1.6372623501615038, 2
606, 1.629931475836558, 2
607, 1.644091262440995, 2
608, 3.4220973298688886, 3
609, 3.3021362681651008, 3
610, 1.6343662245232562, 2
611, 1.5598627108171732, 2
612, 1.5567884704086115, 2
613, 1.5615088937010275, 2
614, 1.5551620923549396, 2
615, 1.5810569893115762, 2
616, 1.537957080509177, 2
617, 1.5631817987072998, 2
618, 1.8532648053457172, 2
619, 0.98345103362938, 2
620, 0.670175684226254, 2
621, 0.3815536597766816, 2
622, 0.387388549433059, 2
623, 0.38692007331272643, 2
624, 0.39126929824975487, 2
625, 0.37475940316293777, 2
626, 0.37490972016255397, 2
627, 0.3747494650193061, 2
628, 0.359166935155122, 2
629, 0.3693586286977951, 2
630, 0.36453800193616326, 2
631, 0.3786344738858115, 2
632, 0.3743922820236124, 2
633, 0.3658170367434421, 2
634, 0.35472640600263583, 2
635, 0.37813202697744214, 2
636, 0.3775034021024143, 2
637, 0.3579334728647852, 2
638, 0.38365862842710585, 2
639, 0.36215534157061935, 2
640, 0.3821979082204796, 2
641, 0.35668004377555873, 2
642, 0.37507866413347213, 2
643, 0.3548364056587283, 2
644, 0.3577199871376169, 2
645, 0.35628011350879124, 2
646, 0.8632648240808776, 2
647, 0.8799628136378181, 2
648, 0.8801445324002635, 2
649, 1.0941321893935028, 2
650, 0.8758869706853427, 2
651, 0.8736584868884509, 2
652, 0.8727722052462068, 2
653, 0.8677993739745559, 2
654, 0.8660799855092669, 2
655, 0.8455746641309783, 2
656, 0.8705189330429133, 2
657, 1.0832776357064162, 2
658, 1.339604806471529, 2
659, 1.058359167138286, 2
660, 0.8590589309387546, 2
661, 1.0614975392550332, 2
662, 0.8391103834699867, 2
663, 0.8650418935577522, 2
664, 0.8556807837413999, 2
665, 1.0374388586487426, 2
666, 1.3185346075612785, 2
667, 0.8550398646907915, 2
668, 0.8610997346952344, 2
669, 0.861213902360182, 2
670, 1.0492610452186009, 2
671, 1.0428711943757707, 2
672, 1.3548291499973366, 2
673, 1.3330053367922237, 2
674, 1.5786818509088298, 2
675, 1.3355446177320505, 2
676, 0.8193877255076023, 2
677, 0.5199316701048925, 2
678, 0.5449873812732271, 2
679, 0.5302025089991816, 2
680, 0.5153677630168803, 2
681, 0.5499821245388374, 2
682, 0.8180616786529502, 2
683, 0.8120720742752371, 2
684, 0.7993719388491344, 2
685, 0.7847718218012492, 2
686, 0.8119589697886204, 2
687, 0.7859986119813163, 2
688, 0.8229446879449115, 2
689, 0.7900216276883847, 2
690, 0.7821805692998107, 2
691, 0.7923657203510996, 2
692, 0.7783717092031626, 2
693, 0.7912249514479195, 2
694, 0.7790792462757409, 2
695, 1.2606278513109237, 2
696, 1.272556862024048, 2
697, 1.251021498041935, 2
698, 1.266051621374045, 2
699, 1.5084448134723343, 2
700, 0.9875278301206389, 2
701, 0.9909940080325372, 2
702, 0.9976572222567334, 2
703, 1.1513963877963729, 2
704, 1.150297938736851, 2
705, 0.9867383393003728, 2
706, 0.9872273849891081, 2
707, 0.9874300075649799, 2
708, 0.9862471971084876, 2
709, 0.8106948877144139, 2
710, 0.81010191179743, 2
711, 0.9758263338422265, 2
712, 0.9717920293471952, 2
713, 0.9791221794931412, 2
714, 0.7949693121011412, 2
715, 0.8076643975422753, 2
716, 0.7915048078753361, 2
717, 0.7976403772192034, 2
718, 0.807823753232835, 2
719, 0.975378123892746, 2
720, 1.195047287232656, 2
721, 0.9673166051406084, 2
722, 0.966547696149446, 2
723, 0.9731460431572347, 2
724, 0.8045316960718576, 2
725, 1.0297043991317496, 2
726, 0.9561043140864565, 2
727, 1.1166625618026793, 2
728, 1.1064303941177274, 2
729, 0.9643882431235532, 2
730, 1.1598112472268933, 2
731, 1.1497723094713914, 2
732, 1.162968197334663, 2
733, 1.3797489818788444, 2
734, 1.3819986366690118, 2
735, 1.3762216287758815, 2
736, 1.5134903145375096, 2
737, 1.512025350054649, 2
738, 2.641081957299119, 3
739, 2.542149876204173, 3
740, 2.6621989946383615, 3
741, 2.674829497379143, 3
742, 2.626377386610143, 3
743, 2.540027611991443, 3
744, 2.3623611178004214, 3
745, 2.376152931397413, 3
746, 2.3756380748578, 3
747, 2.3514291168594528, 3
748, 2.4303750013625844, 3
749, 2.4251332121551896, 3
750, 2.3388948296208634, 3
751, 2.3889014513847946, 3
752, 2.557563825648065, 3
753, 2.5322654941594878, 3
754, 2.530583136281992, 3
755, 2.532720319804284, 3
756, 2.5630578968274924, 3
757, 2.562063886623804, 3
758, 2.700321991566552, 3
759, 2.6764254536361287, 3
760, 2.5346584564606958, 3
761, 2.3610809628888183, 3
762, 2.383067871065897, 3
763, 2.530990129884697, 3
764, 2.551258684792458, 3
765, 2.536650189416625, 3
766, 2.6341830637782304, 3
767, 2.7133463977122956, 3
768, 2.601042301191768, 3
769, 2.5948533076816758, 3
770, 2.524058016214044, 3
771, 2.636801769923482, 3
772, 2.629446951373143, 3
773, 2.6794659004879473, 3
774, 2.37273806447816, 3
775, 2.3723892517532392, 3
776, 1.8529960595490858, 3
777, 1.891417059414981, 3
778, 1.8394722875788987, 3
779, 1.86089073185915, 3
780, 1.8620428773483177, 3
781, 1.8905404534585262, 3
782, 1.859424824956257, 3
783, 2.541990387910053, 3
784, 2.511420986681547, 3
785, 2.547956652447346, 3
786, 2.532822388812724, 3
787, 2.5515274796682688, 3
788, 2.5159009439542026, 3
789, 2.5334438433299917, 3
790, 2.4984639017870687, 3
791, 2.54694647771442, 3
792, 2.5264966627952514, 3
793, 2.5169997955047023, 3
794, 2.5331526387093293, 3
795, 2.3302376134186917, 3
796, 2.5037081393990275, 3
797, 2.5131539342093365, 3
798, 2.5098055170286937, 3
799, 2.5007628153186703, 3
800, 2.490868785252902, 3
801, 2.5875127842099976, 3
802, 2.6150980897098695, 3
803, 2.6081872411873475, 3
804, 2.6309213187217915, 3
805, 2.6358325281816253, 3
806, 2.6149449656054125, 3
807, 2.614252632523948, 3
808, 2.5960942372571787, 3
809, 2.616910738981967, 3
810, 2.620683105706685, 3
811, 2.5928097374562546, 3
812, 2.600370702511706, 3
813, 2.5907105487531714, 3
814, 3.000909429617875, 3
815, 2.929407646165265, 3
816, 2.9164770417546038, 3
817, 2.932016149435596, 3
818, 2.9881180188688465, 3
819, 2.6113500597751718, 3
820, 2.905260044513342, 3
821, 2.903399279225468, 3
822, 2.9061382129913187, 3
823, 2.8815915554234377, 3
824, 2.879605181876268, 3
825, 2.606292208044487, 3
826, 2.5769327997607623, 3
827, 2.576895458807796, 3
828, 2.5993381884953197, 3
829, 2.5768683109511326, 3
830, 2.5978572871896803, 3
831, 2.5941467776801246, 3
832, 2.601760983555032, 3
833, 2.598121462096851, 3
834, 2.8310014413948426, 3
835, 2.587650012738874, 3
836, 2.8304201590029026, 3
837, 2.5611618277772084, 3
838, 2.577189393496327, 3
839, 2.5889843786306383, 3
840, 1.4080397017767143, 2
841, 1.1774038640989932, 2
842, 1.1979574145239937, 2
843, 0.9188793267900324, 2
844, 0.8958508332003653, 2
845, 1.004969252380026, 2
846, 0.9061062920567259, 2
847, 0.9063255042432707, 2
848, 0.9030757690312233, 2
849, 1.1051888435994397, 2
850, 1.1070507512906425, 2
851, 1.0951982403991787, 2
852, 1.1010269899406881, 2
853, 0.9071359730398943, 2
854, 0.9180532926724916, 2
855, 0.9089066680208303, 2
856, 0.8957287532499698, 2
857, 0.9020305395635554, 2
858, 0.9057752832151136, 2
859, 0.9109696717753709, 2
860, 0.895137414040267, 2
861, 0.916916741997198, 2
862, 1.1690109371514645, 2
863, 1.15911255951995, 2
864, 1.185705758808299, 2
865, 1.1736527858617416, 2
866, 1.165661285496967, 2
867, 1.077454194249656, 2
868, 1.1749559079349876, 2
869, 1.1705177338126538, 2
870, 1.0817909927660654, 2
871, 1.0881576198347873, 2
872, 1.0863799948402602, 2
873, 0.9023926527680765, 2
874, 1.084863170914213, 2
875, 1.0644278046051865, 2
876, 1.0651908424766778, 2
877, 0.8864809252133333, 2
878, 0.8997157049902579, 2
879, 0.8772364803303109, 2
880, 0.9116776467973203, 2
881, 0.8954468341796938, 2
882, 0.8971416664096229, 2
883, 0.8967236219536626, 2
884, 0.8970792253775098, 2
885, 1.14564907432994, 2
886, 1.0572484117635894, 2
887, 1.0636950741434363, 2
888, 1.264494101617647, 2
889, 1.262220025642969, 2
890, 1.067228802872999, 2
891, 1.0610191767116972, 2
892, 1.0693832352444492, 2
893, 1.0747023144512269, 2
894, 1.0706364570092388, 2
895, 1.1460233709688799, 2
896, 1.145064354437155, 2
897, 0.8968221051848052, 2
898, 1.1451321291207586, 2
899, 1.344512891622911, 2
900, 1.5580203105170987, 2
901, 1.589378494074958, 2
902, 1.5479585436793792, 2
903, 1.565512166566612, 2
904, 1.5594145484748076, 2
905, 1.5486605968572116, 2
906, 3.2314790000446934, 3
907, 3.2407032002808194, 3
908, 3.2272081143091014, 3
909, 3.7573202362159934, 3
910, 6.435793428308805, 3
911, 7.452254580648316, 3
912, 7.2286558359210105, 3
913, 7.0760085722313315, 3
914, 7.047765655837216, 3
915, 7.689240444726991, 3
916, 8.746160689779769, 3
917, 8.763000886785193, 3
918, 8.56026021169645, 3
919, 7.417775075476383, 3
920, 7.640394227682096, 3
921, 7.851821626749689, 3
922, 7.6089156359695265, 3
923, 7.651315235036023, 3
924, 7.604282108499193, 3
925, 7.615991307423639, 3
926, 7.8483822208521685, 3
927, 9.967395470611944, 4
928, 16.037322523889934, 4
929, 18.974223070405436, 4
930, 18.812668787828727, 4
931, 18.782296928203145, 4
932, 18.74295408688168, 4
933, 18.751672043561317, 4
934, 18.73265236877578, 4
935, 18.713549717696942, 4
936, 18.71068102986539, 4
937, 18.698970593752172, 4
938, 18.716744940902995, 4
939, 18.68647251812081, 4
940, 18.67467614666059, 4
941, 18.667546147540726, 4
942, 18.673681003841843, 4
943, 18.673432875616236, 4
944, 18.67029958060535, 4
945, 20.498271581391975, 5
946, 21.399812873070506, 5
947, 20.824962898069277, 5
948, 17.289259758846416, 5
949, 17.731457927357035, 5
950, 17.59721184924286, 5
951, 17.519863051016703, 5
952, 17.437957647617388, 5
953, 17.433314041749416, 5
954, 17.305143193607375, 5
955, 17.149854813195354, 5
956, 17.23911471188344, 5
957, 17.254648856380182, 5
958, 17.151550124597964, 5
959, 17.205535025792773, 5
960, 22.65545905631493, 5
961, 22.63606328763827, 5
962, 22.664170892233876, 5
963, 23.674198908874736, 5
964, 23.652788956323654, 5
965, 23.63491144543588, 5
966, 23.662874202785652, 5
967, 23.574620189383783, 5
968, 24.827400296942287, 5
969, 26.32195272703162, 5
970, 26.263133537559572, 5
971, 26.268566493372276, 5
972, 26.634676052133788, 5
973, 24.701685277759406, 5
974, 25.00029284014816, 5
975, 24.665540407696977, 5
976, 24.710203548107277, 5
977, 24.644178738000615, 5
978, 24.705122480297828, 5
979, 24.98986190595771, 5
980, 24.966792791746666, 5
981, 25.030686350887773, 5
982, 25.00263746412487, 5
983, 25.002149319252446, 5
984, 24.641038103952827, 5
985, 26.164944494621857, 5
986, 26.101458737362435, 5
987, 26.45595441766107, 5
988, 26.770497305653418, 5
989, 26.313291212351178, 5
990, 26.39788813005891, 5
991, 26.050397090011277, 5
992, 26.38122704110557, 5
993, 26.09374261803625, 5
994, 26.25413818541046, 5
995, 24.46826765931213, 5
996, 24.72958287677746, 5
997, 25.118620442897708, 5
998, 25.11862243823809, 5
999, 25.122135350339796, 5
1000, 24.673823588331988, 5
1001, 24.63764924651731, 5
1002, 24.637619614745635, 5
1003, 24.69353068543873, 5
1004, 24.71629604100036, 5
1005, 24.71330537097365, 5
1006, 24.706194855851, 5
1007, 24.707867324726497, 5
1008, 24.670918668823553, 5
1009, 24.678045786028207, 5
1010, 24.665452410265107, 5
1011, 24.659868053096393, 5
1012, 24.66847904065979, 5
1013, 24.651617438227056, 5
1014, 24.63714693192359, 5
1015, 25.044055064472523, 5
1016, 26.015415611690514, 5
1017, 26.407121845646063, 5
1018, 25.999908097549117, 5
1019, 26.011783655765694, 5
1020, 25.934584191437658, 5
1021, 24.553480910920147, 5
1022, 24.532242321271994, 5
1023, 24.90053062009139, 5
1024, 24.884940947826163, 5
1025, 25.57145124203531, 5
1026, 25.58532955856731, 5
1027, 25.522575652881294, 5
1028, 29.8407223846737, 5
1029, 24.041693298651982, 5
1030, 24.001845469102307, 5
1031, 24.051827448523806, 5
1032, 24.05147983373002, 5
1033, 24.02133579700983, 5
1034, 24.021391439648458, 5
1035, 23.970054992215434, 5
1036, 24.36289512574656, 5
1037, 24.371057527621794, 5
1038, 24.362927087596848, 5
1039, 24.39257372353581, 5
1040, 27.175902928847155, 5
1041, 27.564813685879102, 5
1042, 28.091114546301082, 5
1043, 27.740738695825414, 5
1044, 27.250350489429515, 5
1045, 26.76441667575898, 5
1046, 27.490556679677077, 5
1047, 25.10525127640808, 5
1048, 25.161145622597108, 5
1049, 24.794326443252462, 5
1050, 24.777709615658196, 5
1051, 24.48153631579137, 5
1052, 24.49185957062968, 5
1053, 24.487492795096486, 5
1054, 24.747686833512077, 5
1055, 24.79188171905209, 5
1056, 23.437663169492538, 5
1057, 23.498448200641814, 5
1058, 23.413851541769596, 5
1059, 23.41889086187343, 5
1060, 23.442862690351852, 5
1061, 22.362021681932454, 5
1062, 22.31845369241137, 5
1063, 22.359582358863438, 5
1064, 23.292112330944583, 5
1065, 24.258196231440877, 5
1066, 24.31837966324769, 5
1067, 24.584122347064554, 5
1068, 24.591381520488596, 5
1069, 24.621909873498524, 5
1070, 24.318122034765107, 5
1071, 24.603439128749425, 5
1072, 24.65660087441384, 5
1073, 24.585052586755722, 5
1074, 24.632160127763967, 5
1075, 24.590258372374393, 5
1076, 24.580164904111317, 5
1077, 24.614393584766294, 5
1078, 24.58038784328179, 5
1079, 24.638935816566804, 5
1080, 24.61599269429655, 5
1081, 24.261675350288336, 5
1082, 24.211337265433535, 5
1083, 25.70424636113115, 5
1084, 25.798038358327084, 5
1085, 26.156279703603573, 5
1086, 26.140589303102423, 5
1087, 26.144643760426877, 5
1088, 25.76660027549067, 5
1089, 25.750307583124858, 5
1090, 23.814893743270297, 5
1091, 24.354199088036694, 5
1092, 24.419020714354534, 5
1093, 24.784627581189753, 5
1094, 24.36765733744325, 5
1095, 28.044894670584817, 5
1096, 27.82988420602956, 5
1097, 27.835316582215505, 5
1098, 27.81962830859957, 5
1099, 27.831914866238222, 5
1100, 27.813291551862815, 5
1101, 30.394259232549643, 6
1102, 30.21078776308188, 6
1103, 30.085493072580743, 6
1104, 30.307204522322188, 6
1105, 30.140327174519122, 6
1106, 27.341789734689804, 6
1107, 27.543572014734842, 6
1108, 27.726029963500245, 6
1109, 27.420501249361767, 6
1110, 27.32033393055047, 6
1111, 27.464994256096197, 6
1112, 27.33079133369135, 6
1113, 28.71685482964027, 6
1114, 28.74714243267189, 6
1115, 28.61319757587521, 6
1116, 28.722281397708926, 6
1117, 28.72421188730496, 6
1118, 28.529525821990667, 6
1119, 28.679713102732205, 6
1120, 29.179925182965867, 6
1121, 29.809388740584687, 6
1122, 29.756343146373077, 6
1123, 29.1817960152925, 6
1124, 34.227042375291624, 6
1125, 33.844879205797774, 6
1126, 34.179097701409944, 6
1127, 33.8734177455757, 6
1128, 33.79874742466064, 6
1129, 33.84225772399732, 6
1130, 33.80800959192645, 6
1131, 34.188614996993095, 6
1132, 33.84253735482649, 6
1133, 34.14784983559494, 6
1134, 33.79512042775072, 6
1135, 33.757219523663466, 6
1136, 33.845514973255284, 6
1137, 34.11143478325722, 6
1138, 35.004116145346245, 6
1139, 34.57137396142865, 6
1140, 34.62723294911246, 6
1141, 34.53379560160693, 6
1142, 34.56796690014405, 6
1143, 34.21064009276717, 6
1144, 34.184806842233044, 6
1145, 34.61411634356641, 6
1146, 34.53158684804553, 6
1147, 34.43446256647643, 6
1148, 34.451859092356365, 6
1149, 34.47879505048178, 6
1150, 34.020358408507995, 6
1151, 34.10986906886689, 6
1152, 34.12461167800233, 6
1153, 36.126328875310016, 6
1154, 36.160839863580236, 6
1155, 34.83018809864614, 6
1156, 35.07023130713523, 6
1157, 33.57805239442536, 6
1158, 33.52450646260364, 6
1159, 33.62060981608877, 6
1160, 32.47445063985634, 6
1161, 32.497959505034196, 6
1162, 32.47166439045932, 6
1163, 34.06143536664711, 6
1164, 34.82184089284163, 6
1165, 35.5857553430672, 6
1166, 34.83284643894434, 6
1167, 34.61025956353951, 6
1168, 34.08568840085795, 6
1169, 34.98274490293169, 6
1170, 36.61999195588829, 6
1171, 36.59734559702906, 6
1172, 40.39822606711961, 6
1173, 37.8452122176768, 6
1174, 37.792387933559766, 6
1175, 38.152619037732634, 6
1176, 37.26126725000789, 6
1177, 37.99970625299761, 6
1178, 37.331327556684634, 6
1179, 37.27387521613808, 6
1180, 36.79029070651867, 6
1181, 36.7424450822617, 6
1182, 39.543654193463425, 7
1183, 39.516578094489255, 7
1184, 39.50307892565984, 7
1185, 39.99095130757389, 7
1186, 40.44393293974484, 7
1187, 40.303411472372574, 7
1188, 40.54352813451972, 7
1189, 40.314956915714795, 7
1190, 40.746197042700736, 7
1191, 47.03952130162783, 7
1192, 46.99406194419243, 7
1193, 47.04072922716424, 7
1194, 46.97797210765644, 7
1195, 46.55078077432599, 7
1196, 46.47136427749228, 7
1197, 46.51736151130149, 7
1198, 46.59103005888988, 7
1199, 45.87192359670612, 7
1200, 45.50087250851131, 7
1201, 45.51204436803215, 7
1202, 45.49047389889791, 7
1203, 45.422073207533586, 7
1204, 45.862699157627524, 7
1205, 43.485257876222995, 7
1206, 43.84327491886687, 7
1207, 43.540113410423295, 7
1208, 43.47767152292855, 7
1209, 43.83561766599073, 7
1210, 43.89921579007437, 7
1211, 44.30864340432273, 7
1212, 44.303989866782445, 7
1213, 44.333969521112415, 7
1214, 44.24731012051296, 7
1215, 44.221991879983406, 7
1216, 44.27083540234125, 7
1217, 43.8677027950519, 7
1218, 44.1964062780222, 7
1219, 44.276947130831076, 7
1220, 45.075355805428764, 7
1221, 44.221426579731194, 7
1222, 44.77100404220731, 7
1223, 44.5737772911277, 7
1224, 44.9200518499674, 7
1225, 44.95551740511123, 7
1226, 44.531814587544794, 7
1227, 44.59694075369418, 7
1228, 45.90094546350551, 7
1229, 45.96694043564409, 7
1230, 45.93118556244691, 7
1231, 45.925417687165556, 7
1232, 45.835438739393744, 7
1233, 45.87153280679928, 7
1234, 45.82792359461526, 7
1235, 46.658919627655784, 7
1236, 48.16699390967519, 7
1237, 48.08244779022929, 7
1238, 47.658064638853126, 7
1239, 49.35110747225263, 7
1240, 48.51977698048526, 7
1241, 46.79797404355987, 7
1242, 48.263193628585455, 7
1243, 48.37917532448321, 7
1244, 48.30186108719125, 7
1245, 48.77283878529049, 7
1246, 49.336897906505094, 7
1247, 49.26372618050059, 7
1248, 48.65632513981897, 7
1249, 48.28131978315999, 7
1250, 48.59700164631329, 7
1251, 48.53309879615225, 7
1252, 46.78417116705648, 7
1253, 47.19278580942434, 7
1254, 47.197134631528606, 7
1255, 46.29034298664013, 7
1256, 45.630575357306164, 7
1257, 45.58610847198171, 7
1258, 45.911394114276106, 7
1259, 45.590108057535325, 7
1260, 45.9033321996837, 7
1261, 45.89562514494673, 7
1262, 45.844721919372745, 7
1263, 44.29516671712097, 7
1264, 45.65225493640222, 7
1265, 45.73201613423978, 7
1266, 47.24077354632081, 7
1267, 47.23466776991647, 7
1268, 49.337723744635284, 7
1269, 50.777986600278055, 7
1270, 52.33428551929778, 7
1271, 52.75527891780828, 7
1272, 51.40816308537195, 7
1273, 52.07298131538051, 7
1274, 52.58379335090525, 7
1275, 52.600387701290906, 7
1276, 52.98913075812101, 7
1277, 53.4161807536713, 7
1278, 54.14425468621296, 7
1279, 53.393370091942415, 7
1280, 52.399185301146055, 7
1281, 53.30028819921134, 7
1282, 53.262003377670574, 7
1283, 53.28284872730137, 7
1284, 53.27358814103753, 7
1285, 52.75029050594262, 7
1286, 52.80466454723662, 7
1287, 53.237131042251555, 7
1288, 53.6671206444042, 7
1289, 52.837251037591315, 7
1290, 53.61586885960309, 7
1291, 53.11785759768104, 7
1292, 53.074356474032534, 7
1293, 51.0964944996434, 7
1294, 51.008714869802475, 7
1295, 52.19693994807109, 7
1296, 52.197841631783376, 7
1297, 55.12896926587274, 7
1298, 52.538799989893384, 7
1299, 51.51615099697277, 7
1300, 51.52132385664863, 7
1301, 51.50741395491286, 7
1302, 51.10258669623429, 7
1303, 52.0294476380705, 7
1304, 52.0312153664624, 7
1305, 52.3359911968996, 7
1306, 51.80167226301213, 7
1307, 51.20003403893699, 7
1308, 51.122728968094385, 7
1309, 52.98401560797503, 7
1310, 51.2279450603822, 7
1311, 51.18211005736863, 7
1312, 51.18555959916998, 7
1313, 52.10604644182244, 7
1314, 51.42619634381267, 7
1315, 51.412695808177745, 7
1316, 51.4407570225165, 7
1317, 51.383345420082094, 7
1318, 50.92383889596912, 7
1319, 50.88482206563365, 7
1320, 50.87685850000506, 7
1321, 50.54744225482755, 7
1322, 50.89585934897172, 7
1323, 50.89699057915687, 7
1324, 50.92840232838387, 7
1325, 50.397149753506426, 7
1326, 50.852553922344015, 7
1327, 50.81449093897617, 7
1328, 50.806979948748584, 7
1329, 51.89981577883153, 7
1330, 51.92142845148854, 7
1331, 52.64781631770599, 7
1332, 52.61921668501047, 7
1333, 55.40153964364897, 7
1334, 54.85596813770449, 7
1335, 54.32555066021872, 7
1336, 54.82307898306333, 7
1337, 54.83443918410575, 7
1338, 52.53931436766237, 7
1339, 52.40179450528978, 7
1340, 52.80271277694635, 7
1341, 52.79466814119386, 7
1342, 52.75960706156216, 7
1343, 52.85124971740871, 7
1344, 52.361291057474375, 7
1345, 52.22492323193635, 7
1346, 52.28575858753268, 7
1347, 51.66254100842478, 7
1348, 51.677289066335405, 7
1349, 51.62291208955664, 7
1350, 51.67009171217613, 7
1351, 52.25566462592177, 7
1352, 52.172819894013735, 7
1353, 55.6736256914304, 7
1354, 55.67980676358195, 7
1355, 55.67411465317561, 7
1356, 55.6082844582502, 7
1357, 58.6235082245739, 8
1358, 58.68404847291958, 8
1359, 58.71727816939753, 8
1360, 58.060994384456485, 8
1361, 64.57734593081284, 8
1362, 64.39340686838874, 8
1363, 64.779701874987, 8
1364, 61.261006982197635, 8
1365, 64.05975998142078, 8
1366, 64.00306297495685, 8
1367, 64.07688288655629, 8
1368, 63.615466389507375, 8
1369, 63.61663247462698, 8
1370, 63.627601790980144, 8
1371, 63.456874140181185, 8
1372, 63.45258191484377, 8
1373, 63.54527116415534, 8
1374, 59.39245974946646, 8
1375, 63.37374790350704, 8
1376, 62.13825613907387, 8
1377, 62.096036786567765, 8
1378, 59.282931648255385, 8
1379, 58.52804467309977, 8
1380, 58.60155599312432, 8
1381, 58.61069139454624, 8
1382, 58.10979696124319, 8
1383, 58.197548607833774, 8
1384, 59.58922276229047, 8
1385, 58.45571663806493, 8
1386, 58.47929529965774, 8
1387, 58.34489365174336, 8
1388, 58.47051348767073, 8
1389, 58.36587532980667, 8
1390, 59.26277246237577, 8
1391, 58.84086530984639, 8
1392, 59.31117231933341, 8
1393, 58.9926489977156, 8
1394, 59.05200866143092, 8
1395, 56.94478366117872, 8
1396, 57.91949979975647, 8
1397, 57.876616939326965, 8
1398, 58.33690668345429, 8
1399, 58.279739427145785, 8
1400, 58.60343253975351, 8
1401, 58.663004509749925, 8
1402, 57.832155888685136, 8
1403, 57.90898460195892, 8
1404, 57.872827926275235, 8
1405, 57.757335853963866, 8
1406, 57.67291424958879, 8
1407, 57.65577913380531, 8
1408, 58.13426970566224, 8
1409, 58.091991632126934, 8
1410, 58.13425460022658, 8
1411, 58.47022550341639, 8
1412, 59.90268968841729, 8
1413, 59.5888978829059, 8
1414, 59.31145148932386, 8
1415, 58.884783726788996, 8
1416, 59.23454141586417, 8
1417, 57.7002033165219, 8
1418, 57.228525969369585, 8
1419, 57.46276449545961, 8
1420, 57.177998190072444, 8
1421, 57.205279738682435, 8
1422, 58.234860403463216, 8
1423, 58.43820124188419, 8
1424, 56.302375893002406, 8
1425, 57.017124283873805, 8
1426, 58.04497259717073, 8
1427, 57.79348301517064, 8
1428, 58.160845171589045, 8
1429, 58.83243904792047, 8
1430, 59.28359563397386, 8
1431, 59.331995649695095, 8
1432, 65.91384398020459, 9
1433, 65.25773937774818, 9
1434, 62.382503301392546, 9
1435, 68.03082941975434, 10
1436, 66.24877200518928, 10
1437, 65.77114197451083, 10
1438, 64.47326323864529, 10
1439, 65.11842369544186, 10
1440, 64.76729957867079, 10
1441, 64.89059868665099, 10
1442, 64.6495085253925, 10
1443, 65.43095499130422, 10
1444, 65.63675811598786, 10
1445, 65.66247638791596, 10
1446, 66.95924346574142, 10
1447, 66.76277504748813, 10
1448, 67.21710781784128, 10
1449, 67.08317938118965, 10
1450, 67.34063088613676, 10
1451, 80.34332412328983, 9
1452, 87.72457746645735, 9
1453, 88.1442675192224, 9
1454, 85.14814947551766, 9
1455, 88.69664035103085, 9
1456, 89.11689809037556, 9
1457, 89.04017430303973, 9
1458, 88.68975650242005, 9
1459, 88.61571197857364, 9
1460, 90.11946378544948, 9
1461, 90.4224410824216, 9
1462, 87.15204739226364, 9
1463, 87.46515781487335, 9
1464, 87.50047295707043, 9
1465, 87.85261728923128, 9
1466, 87.88198799264322, 9
1467, 87.46183166520875, 9
1468, 89.3209040567775, 9
1469, 89.35455598503167, 9
1470, 90.23499651382559, 9
1471, 90.71428410340448, 9
1472, 90.23996172984721, 9
1473, 90.16432847896193, 9
1474, 90.63897769185557, 9
1475, 89.67907932993172, 9
1476, 89.3574331867064, 9
1477, 89.31648101935224, 9
1478, 97.95203018135253, 10
1479, 98.46548912064294, 10
1480, 98.96639582152054, 10
1481, 99.23539448166315, 10
1482, 99.18597088716695, 10
1483, 99.12259936951324, 10
1484, 98.894292064669, 10
1485, 97.22524906906365, 10
1486, 97.03184583248307, 10
1487, 97.20121377699294, 10
1488, 96.54368826944577, 10
1489, 97.02778011362376, 10
1490, 96.04868049346058, 10
1491, 95.94267851596807, 10
1492, 96.06337167411057, 10
1493, 96.61892295843911, 10
1494, 96.94858881444155, 10
1495, 97.40686043793112, 10
1496, 96.90960944896398, 10
1497, 96.74812613821427, 10
1498, 98.83218725745338, 10
1499, 98.37429518204233, 10
1500, 98.2991131535316, 10
1501, 97.82053036201287, 10
1502, 97.32414680762922, 10
1503, 97.77090267051665, 10
1504, 97.6713576357786, 10
1505, 97.58165325810164, 10
1506, 97.56831681525526, 10
1507, 97.26378927769426, 10
1508, 97.64507058376522, 10
1509, 95.67342921778797, 10
1510, 95.72328482170825, 10
1511, 95.54250187625941, 10
1512, 95.83175014638988, 10
1513, 94.11249509614498, 10
1514, 94.92080045771928, 10
1515, 94.55469987996685, 10
1516, 94.36670512824873, 10
1517, 94.46381109180611, 10
1518, 94.40546998542942, 10
1519, 94.24794992187014, 10
1520, 94.24898065918573, 10
1521, 95.76288423335048, 10
1522, 97.81332917169112, 10
1523, 97.74421965306196, 10
1524, 97.98212925246216, 10
1525, 98.41474698781136, 10
1526, 97.00409430587854, 10
1527, 97.5550035086755, 10
1528, 94.5882502660978, 10
1529, 94.6300686222145, 10
1530, 94.54759799395869, 10
1531, 94.16461827922248, 10
1532, 94.43709649297479, 10
1533, 94.00748893003875, 10
1534, 93.79281227369047, 10
1535, 96.31333567146129, 10
1536, 96.12814808158154, 10
1537, 97.84844032700015, 10
1538, 106.81376966015283, 11
1539, 106.18710467632043, 11
1540, 105.82593309817999, 11
1541, 104.33957037628304, 11
1542, 104.2237639194392, 11
1543, 104.06048713998142, 11
1544, 104.44089608959071, 11
1545, 104.32056195818744, 11
1546, 104.86342113254261, 11
1547, 104.69284912305689, 11
1548, 105.94569917731044, 11
1549, 105.49873538892578, 11
1550, 105.34571453238502, 11
1551, 105.27772371278877, 11
1552, 105.49563496488996, 11
1553, 105.23404568469746, 11
1554, 105.36982238420178, 11
1555, 103.92414465071893, 11
1556, 103.90197242661091, 11
1557, 104.28913729848034, 11
1558, 104.11781511143488, 11
1559, 104.18959893252224, 11
1560, 104.26214466354867, 11
1561, 104.16888390086498, 11
1562, 104.22211700077474, 11
1563, 104.19519045943038, 11
1564, 87.63790365766046, 10
1565, 88.99702310079819, 10
1566, 90.18025873252796, 10
1567, 97.37877645072271, 11
1568, 96.03231996905326, 11
1569, 95.8924463300788, 11
1570, 96.06530304526875, 11
1571, 84.52008062117122, 10
1572, 84.44185103338131, 10
1573, 90.83655401935899, 11
1574, 90.4822952703422, 11
1575, 90.45251163426846, 11
1576, 90.2304153844987, 11
1577, 89.92411958846435, 11
1578, 90.22354497740706, 11
1579, 90.14178964330351, 11
1580, 90.05479046646096, 11
1581, 90.25283995687043, 11
1582, 90.36313079982614, 11
1583, 89.79081691246704, 11
1584, 90.04257856735885, 11
1585, 90.14182072614642, 11
1586, 90.93614720426231, 11
1587, 90.90545941406617, 11
1588, 92.23240303420752, 11
1589, 90.63827150453226, 11
1590, 92.50958052389997, 11
1591, 91.0920570518653, 11
1592, 90.99452537686962, 11
1593, 91.09607517409782, 11
1594, 91.14266660629809, 11
1595, 92.31477412026747, 11
1596, 92.4262162559741, 11
1597, 83.04836116700275, 10
1598, 82.83893706911921, 10
1599, 80.56805767783784, 10
1600, 80.58188530956829, 10
1601, 80.64711951410133, 10
1602, 80.63899735167742, 10
1603, 80.73543285658563, 10
1604, 80.6659406126999, 10
1605, 80.256044649727, 10
1606, 78.6698011816455, 10
1607, 78.64153826857303, 10
1608, 79.71720627308372, 10
1609, 79.06011987335576, 10
1610, 79.67871947393256, 10
1611, 72.67236120850892, 9
1612, 74.84749647027476, 10
1613, 74.48301122876086, 10
1614, 74.3068156425876, 10
1615, 75.7189528032261, 10
1616, 76.19168940257107, 10
1617, 75.55933714549496, 10
1618, 75.96616064075407, 10
1619, 75.45784303114911, 10
1620, 76.2216710143857, 10
1621, 75.52062005595513, 10
1622, 75.11143563746606, 10
1623, 75.30832814670708, 10
1624, 75.27249215691619, 10
1625, 75.3449038775529, 10
1626, 75.34229233548626, 10
1627, 75.16988727560278, 10
1628, 75.3970218850477, 10
1629, 75.17519756692222, 10
1630, 74.30035254468633, 10
1631, 74.30378432364282, 10
1632, 74.33686520259464, 10
1633, 73.97353780874606, 10
1634, 75.92203862027753, 10
1635, 73.46878524568297, 10
1636, 74.17440799165861, 10
1637, 74.14084721092712, 10
1638, 75.20595965827482, 10
1639, 75.16536088751566, 10
1640, 77.48306072728376, 10
1641, 77.9016770534499, 10
1642, 77.71544950113348, 10
1643, 76.87034969045064, 10
1644, 78.6677991925231, 10
1645, 78.63481542958827, 10
1646, 79.00786821738288, 10
1647, 79.88189831373789, 10
1648, 87.91738811578448, 10
1649, 89.01424198819943, 10
1650, 89.0498415221924, 10
1651, 88.96963156098631, 10
1652, 90.79341386619696, 10
1653, 87.08441699153539, 10
1654, 87.1366011595, 10
1655, 87.37249141465287, 10
1656, 89.71209876404819, 10
1657, 89.8717130239409, 10
1658, 88.03186873419325, 10
1659, 89.5056822271639, 10
1660, 89.07990590155815, 10
1661, 85.99595880238647, 10
1662, 85.9126592198879, 10
1663, 86.31053974243221, 10
1664, 86.55734569448038, 10
1665, 85.71458897458346, 10
1666, 85.73835612480012, 10
1667, 86.04771087400638, 10
1668, 85.46558539233291, 10
1669, 85.46542801522708, 10
1670, 87.1249069550843, 10
1671, 87.12802382174844, 10
1672, 88.30774922375939, 10
1673, 88.29731651829276, 10
1674, 88.7267186183591, 10
1675, 88.73243070293454, 10
1676, 88.51521586043174, 10
1677, 88.03370038396794, 10
1678, 89.2579209245031, 10
1679, 92.97841495257049, 11
1680, 93.38808138756963, 11
1681, 93.52844564579843, 11
1682, 93.5307492984624, 11
1683, 95.60738096020499, 11
1684, 95.64242012565055, 11
1685, 96.28609023986435, 11
1686, 94.45113415950759, 11
1687, 95.06487698208048, 11
1688, 100.29133259465098, 12
1689, 100.37980194056075, 12
1690, 100.40132979903595, 12
1691, 97.4707245796753, 11
1692, 97.36534678336434, 11
1693, 96.59325146527846, 11
1694, 95.0308697367193, 11
1695, 96.38326364426243, 11
1696, 95.98304808601333, 11
1697, 96.46685348091225, 11
1698, 96.52647612546946, 11
1699, 96.78900539292073, 11
1700, 94.15943177498681, 11
1701, 94.84404088752171, 11
1702, 94.66801327173317, 11
1703, 97.325984385326, 12
1704, 97.30716256808134, 12
1705, 96.17606034207643, 12
1706, 97.32651249134962, 12
1707, 96.3085773610249, 12
1708, 96.99209924475096, 12
1709, 99.20688792366653, 12
1710, 97.26287481800642, 12
1711, 97.12805941367344, 12
1712, 96.70632266876294, 12
1713, 96.69994030666197, 12
1714, 96.71152611114115, 12
1715, 95.33243399477027, 12
1716, 94.43587045271968, 12
1717, 93.78333295065522, 12
1718, 94.70693068237784, 12
1719, 92.91026528730512, 12
1720, 91.55349975097431, 12
1721, 91.02880675652543, 12
1722, 91.38335723725183, 12
1723, 90.7002215891915, 12
1724, 92.0550894040874, 12
1725, 92.3414637283706, 12
1726, 90.40403894552976, 13
1727, 90.58985120368382, 13
1728, 90.91486960716354, 13
1729, 90.87438119586164, 13
1730, 90.91732283960505, 13
1731, 98.70247686085537, 13
1732, 99.25241155233505, 13
1733, 98.97234566735679, 13
1734, 87.09431592656178, 13
1735, 88.00811318678146, 13
1736, 87.93241384082728, 13
1737, 93.98286271393614, 13
1738, 96.0819814135493, 13
1739, 94.28928661244287, 13
1740, 100.67962316807584, 13
1741, 96.15813041952208, 13
1742, 96.33941489628698, 13
1743, 96.3355347801914, 13
1744, 96.06904052337437, 13
1745, 96.08508149619396, 13
1746, 95.59060584620408, 13
1747, 95.67562147481456, 13
1748, 95.67317729561638, 13
1749, 95.62040948854622, 13
1750, 96.11139588703774, 13
1751, 95.89256116338316, 13
1752, 96.55337621057075, 13
1753, 93.77900895675259, 13
1754, 92.15259376796365, 13
1755, 92.18641817481313, 13
1756, 96.8787357117159, 13
1757, 97.62665720486453, 13
1758, 97.59816348168502, 13
1759, 108.40920521892815, 14
1760, 108.89456153215905, 14
1761, 108.52406500218277, 14
1762, 99.78528763437373, 14
1763, 100.79115475264686, 14
1764, 100.81716914941634, 14
1765, 100.22403557595987, 14
1766, 100.17283118366132, 14
1767, 100.84907453236008, 14
1768, 100.63083061200439, 14
1769, 100.86943560917757, 14
1770, 102.4341967949565, 14
1771, 102.518095494245, 14
1772, 103.01917733465532, 14
1773, 103.65969581882348, 14
1774, 101.56791098665335, 14
1775, 101.42281106410134, 14
1776, 101.21857340705552, 14
1777, 102.91975667322083, 14
1778, 103.09422387724884, 14
1779, 103.0436725570159, 14
1780, 103.15159043526847, 14
1781, 104.38831962921056, 14
1782, 103.64016605515259, 14
1783, 102.79792725160677, 14
1784, 96.26194468276583, 13
1785, 96.21716174765564, 13
1786, 96.8372582422576, 13
1787, 93.95783053128216, 13
1788, 93.38427812477784, 13
1789, 93.24720546972114, 13
1790, 93.71026043498608, 13
1791, 93.2392900070588, 13
1792, 92.27547940415394, 13
1793, 92.780493522017, 13
1794, 93.16304746043922, 13
1795, 92.14550977899405, 13
1796, 91.26478358067078, 13
1797, 91.33568524198567, 13
1798, 92.0665690233289, 13
1799, 92.12970734490247, 13
1800, 92.72016967419515, 13
1801, 92.03461461238552, 13
1802, 92.42992434236461, 13
1803, 91.62644583329214, 13
1804, 91.75602105752681, 13
1805, 92.43288592072192, 13
1806, 97.61331718172005, 13
1807, 97.5357702132563, 13
1808, 98.17598224455203, 13
1809, 98.66575739318212, 13
1810, 98.13855481140932, 13
1811, 97.56751047727523, 13
1812, 98.50477874567177, 13
1813, 97.2586212182291, 13
1814, 97.25457380027149, 13
1815, 97.66341506218777, 13
1816, 95.91800169063325, 13
1817, 95.48028101245258, 13
1818, 95.06161142658198, 13
1819, 95.21437966054538, 13
1820, 98.04206377201291, 13
1821, 96.22306517591657, 13
1822, 97.88474258489144, 13
1823, 97.75148984356137, 13
1824, 99.89241827667104, 13
1825, 99.14052449331759, 13
1826, 99.01289381849156, 13
1827, 99.4245722504807, 13
1828, 97.67907475254319, 13
1829, 98.61514554047298, 13
1830, 98.66949255903326, 13
1831, 98.37972550840162, 13
1832, 99.61688391377096, 13
1833, 100.45997797105481, 13
1834, 100.26067681415891, 13
1835, 101.34580028764643, 13
1836, 100.69671884533496, 13
1837, 101.24888642647205, 13
1838, 102.46762863765419, 13
1839, 101.93860808032002, 13
1840, 102.12788281556081, 13
1841, 102.15571555789552, 13
1842, 103.85224688122977, 13
1843, 104.27717767277628, 13
1844, 103.56305087028255, 13
1845, 104.21181615931046, 13
1846, 106.76244366648449, 13
1847, 110.02415343906708, 14
1848, 112.15036928406285, 14
1849, 110.50762739015235, 14
1850, 109.83705286849549, 14
1851, 109.93767815873386, 14
1852, 115.71570266593895, 15
1853, 115.33907634332982, 15
1854, 116.23314001642868, 15
1855, 115.16450416308922, 15
1856, 113.53773289208384, 15
1857, 113.44978112596375, 15
1858, 113.46419751617044, 15
1859, 113.73158002474163, 15
1860, 113.85078355140122, 15
1861, 113.57859680508572, 15
1862, 115.22749393968509, 15
1863, 115.0412855020776, 15
1864, 108.84450743469165, 14
1865, 107.72362721572588, 14
1866, 107.26270400367011, 14
1867, 112.21416216208739, 15
1868, 112.59119885785266, 15
1869, 112.50184587900559, 15
1870, 116.7687033315916, 15
1871, 116.62424058485642, 15
1872, 114.90210051902503, 15
1873, 114.65242885362187, 15
1874, 116.60004794183067, 15
1875, 116.15917013393704, 15
1876, 116.41741224246053, 15
1877, 116.49113859334584, 15
1878, 117.05823174368027, 15
1879, 126.9042728751031, 16
1880, 128.86311088602238, 16
1881, 128.46439958610412, 16
1882, 130.81390033371682, 16
1883, 131.1146879769032, 16
1884, 131.02455879758438, 16
1885, 132.16657395480476, 16
1886, 132.1164138134642, 16
1887, 133.93155660947815, 16
1888, 131.45952004809618, 16
1889, 131.7987367479526, 16
1890, 131.34709953309417, 16
1891, 130.69430372983177, 16
1892, 130.78352573155945, 16
1893, 132.37553585189065, 16
1894, 131.99318719444946, 16
1895, 131.94078154200912, 16
1896, 131.47339446148308, 16
1897, 131.96260495983745, 16
1898, 138.99285185678093, 16
1899, 138.8819891870143, 16
1900, 138.47027534252868, 16
1901, 138.87069500498603, 16
1902, 138.04353230380735, 16
1903, 138.68716526778985, 16
1904, 139.30437458263506, 16
1905, 141.4537466733051, 16
1906, 141.62548439915537, 16
1907, 142.090293442393, 16
1908, 141.49011124639298, 16
1909, 141.45043172820934, 16
1910, 142.19370895400365, 16
1911, 142.1205000321917, 16
1912, 144.1072110998747, 16
1913, 139.63899798229687, 16
1914, 140.30980212843772, 16
1915, 139.89132558651605, 16
1916, 137.86345130380153, 16
1917, 137.72455745625467, 16
1918, 137.24594333585662, 16
1919, 137.65503003557944, 16
1920, 138.20531538954484, 16
1921, 138.17379384926898, 16
1922, 137.9795291754411, 16
1923, 138.23460981280277, 16
1924, 137.9547231360661, 16
1925, 138.52597947939043, 16
1926, 136.56372418454072, 16
1927, 135.92153077253357, 16
1928, 137.1190549604455, 16
1929, 136.64797486476235, 16
1930, 136.63781685720448, 16
1931, 136.15720543013504, 16
1932, 136.52215880301787, 16
1933, 135.51374028561176, 16
1934, 134.91659860525547, 16
1935, 135.03104574172409, 16
1936, 136.42142898966807, 16
1937, 137.14197743582406, 16
1938, 136.3940195360902, 16
1939, 143.03595224421332, 16
1940, 145.24997012400078, 16
1941, 144.6267515462372, 16
1942, 141.57457631286022, 16
1943, 143.66657081926573, 16
1944, 142.501630426913, 16
1945, 138.52072623857862, 16
1946, 140.0178542812604, 16
1947, 139.54624952079945, 16
1948, 141.2672132010029, 16
1949, 140.21712717055496, 16
1950, 138.32827653102777, 16
1951, 139.93179072013578, 16
1952, 136.56072320425292, 16
1953, 140.38300356739927, 16
1954, 141.95842369408956, 16
1955, 141.43607144566897, 16
1956, 139.95593215905367, 16
