0, 0, 2
1, 0, 2
2, 0, 2
3, 0, 2
4, 2.772588722239781, 2
5, 8.55333223803211, 2
6, 3.5835189384561104, 2
7, 3.5835189384561104, 2
8, 3.5835189384561104, 2
9, 3.5835189384561104, 2
10, 3.5835189384561104, 2
11, 3.5835189384561104, 2
12, 3.5835189384561104, 2
13, 0.8109302162163288, 2
14, 0, 2
15, 0, 2
16, 0, 2
17, 0, 2
18, 0, 2
19, 0, 2
20, 0, 2
21, 0, 2
22, 0, 2
23, 1.5242801040937934, 2
24, 0.8026827818486046, 2
25, 8.189838800229406, 2
26, 2.729271964085396, 2
27, 5.977554179401494, 2
28, 1.534108522614511, 2
29, 2.081935939741102, 2
30, 4.469284797698351, 2
31, 0, 2
32, 1.7827957735775657, 2
33, 2.2736250255850243, 2
34, 1.8619526009317628, 2
35, 1.09778878708056, 2
36, 0.37459914454545795, 2
37, 2.746888154550363, 2
38, 2.4661758993257905, 2
39, 2.29051529148198, 2
40, 2.823113921407351, 2
41, 1.7909126431794562, 2
42, 1.7168715612567476, 2
43, 0.30838010938671967, 2
44, 0.686207158784053, 2
45, 1.8705949382342593, 2
46, 1.4610040986299433, 2
47, 0.49347762939668094, 2
48, 1.1781980077951908, 2
49, 0.872909923711436, 2
50, 1.465786671582845, 2
51, 0.8655922364007745, 2
52, 0.28398752417906115, 2
53, 0.9171192185630958, 2
54, 0.28383961292860377, 2
55, 0.4922955878177132, 2
56, 0.4274768129181358, 2
57, 9.193896770309168, 2
58, 6.242737562123811, 2
59, 4.578194301361249, 2
60, 3.969321191534811, 2
61, 4.447953732622871, 2
62, 4.2785979439250905, 2
63, 3.838893438707721, 2
64, 3.4153545610604397, 2
65, 6.151094668409076, 2
66, 6.29997043226826, 2
67, 6.550895147778872, 2
68, 6.317832390559252, 2
69, 6.07784405434259, 2
70, 9.38085209161429, 2
71, 8.857873019830901, 2
72, 11.758706709685603, 2
73, 11.958350328076472, 2
74, 10.81835522676325, 2
75, 10.569812880476533, 2
76, 8.84286319437997, 2
77, 9.03547538993612, 2
78, 8.89581762412711, 2
79, 9.992092682462866, 2
80, 10.08919314558001, 2
81, 9.027915285995602, 2
82, 8.925055403240282, 2
83, 16.814264494683297, 2
84, 12.125105341923154, 2
85, 6.093468562820316, 2
86, 5.862881369838258, 2
87, 10.102423946068622, 2
88, 10.416220097959316, 2
89, 10.774181554843956, 2
90, 10.12469397562664, 2
91, 10.14369539238247, 2
92, 10.011717077767743, 2
93, 10.33240332646062, 2
94, 10.358089079837397, 2
95, 16.4080944768774, 2
96, 16.457202095180342, 2
97, 9.318142172508033, 2
98, 4.7499395696035664, 2
99, 4.66548880430509, 2
100, 4.785897404556954, 2
101, 4.774879211144808, 2
102, 4.744496837328793, 2
103, 4.612074437278989, 2
104, 7.831663002217459, 2
105, 7.710047090361009, 2
106, 7.6546440444418185, 2
107, 7.661367340239063, 2
108, 7.6374624526501975, 2
109, 7.743653107572131, 2
110, 7.278249928534097, 2
111, 10.273328730042763, 2
112, 10.136424677823712, 2
113, 6.971985905708023, 2
114, 6.392434605467994, 2
115, 6.3647801698949324, 2
116, 9.49517533372017, 2
117, 11.50685784101216, 2
118, 12.304856956114117, 2
119, 15.189816659806887, 2
120, 14.95317052624516, 2
121, 14.761733293135146, 2
122, 14.7372925842803, 2
123, 14.753237869388844, 2
124, 14.749766880162301, 2
125, 12.468716268529462, 2
126, 12.579242432479148, 2
127, 11.387018533002692, 2
128, 12.005879854263835, 2
129, 12.088646235134707, 2
130, 12.011258961868808, 2
131, 11.998875599253756, 2
132, 11.995705827662864, 2
133, 11.338744760886362, 2
134, 11.941667020255128, 2
135, 9.151921716543226, 2
136, 8.536938956875535, 2
137, 11.99000971041253, 2
138, 11.979694444147352, 2
139, 12.030611358609352, 2
140, 11.925681290531287, 2
141, 11.463189980197729, 2
142, 11.412642892732304, 2
143, 11.411694156405005, 2
144, 11.888664884137299, 2
145, 13.012729756837341, 2
146, 12.942820839985199, 2
147, 12.927274958411644, 2
148, 12.940228484224608, 2
149, 12.94457291893255, 2
150, 9.719685219931387, 2
151, 9.667284728263121, 2
152, 9.643932254453178, 2
153, 9.260719575299218, 2
154, 8.085385964932133, 2
155, 7.827367929613041, 2
156, 7.830012093676613, 2
157, 7.835671635560097, 2
158, 7.838824832139226, 2
159, 7.798035161246045, 2
160, 8.025963374896742, 2
161, 8.03079562980021, 2
162, 7.828135259973319, 2
163, 7.814849361061372, 2
164, 6.941994173202801, 2
165, 6.920369687916423, 2
166, 7.546497300567276, 2
167, 7.5112655301148195, 2
168, 7.461744155804462, 2
169, 7.641256283965218, 2
170, 8.831077845338015, 2
171, 9.648189879739899, 2
172, 9.669710939019685, 2
173, 9.66895885567385, 2
174, 9.642618483384314, 2
175, 9.366577457059648, 2
176, 9.347890334248035, 2
177, 9.606808830858059, 2
178, 7.751561665464287, 2
179, 7.502896202237892, 2
180, 6.971800295766919, 2
181, 6.8480990300902835, 2
182, 8.654020261133008, 2
183, 8.593737407929135, 2
184, 6.798622569319678, 2
185, 6.6113327385026865, 2
186, 7.007047466634271, 2
187, 6.974095949441077, 2
188, 6.971619859114626, 2
189, 6.979983919667081, 2
190, 7.358928605086131, 2
191, 7.3661176923768625, 2
192, 7.341292775484288, 2
193, 7.129844151968207, 2
194, 7.092004994096968, 2
195, 7.118817798842519, 2
196, 6.968294786056104, 2
197, 7.091458540533081, 2
198, 6.6072631567552325, 2
199, 6.590834806244933, 2
200, 6.594696296915748, 2
201, 6.599281271931252, 2
202, 6.8849856612295435, 2
203, 6.8871205098917425, 2
204, 6.886187525204374, 2
205, 6.87312007029527, 2
206, 6.881053662517635, 2
207, 6.860745215785983, 2
208, 6.884303299661298, 2
209, 6.99522881685766, 2
210, 7.012598841318849, 2
211, 6.999932241051001, 2
212, 7.543346508439361, 2
213, 7.523337460086383, 2
214, 7.214520044366788, 2
215, 8.379675024734762, 2
216, 8.371299661649438, 2
217, 7.145753467566831, 2
218, 6.940784665545266, 2
219, 7.984732664294032, 2
220, 7.993495782877079, 2
221, 7.994154154984367, 2
222, 8.078058017462107, 2
223, 8.07861760836621, 2
224, 8.060777791477028, 2
225, 7.68710084557785, 2
226, 5.756117252309936, 2
227, 5.49082135665658, 2
228, 5.478853621116377, 2
229, 7.001745653789592, 2
230, 7.0060402130477675, 2
231, 7.00959749009003, 2
232, 7.007108190625783, 2
233, 6.78150382286045, 2
234, 6.78841904810958, 2
235, 6.765941196614569, 2
236, 5.833470736893696, 2
237, 6.658213839544869, 2
238, 6.660366968683961, 2
239, 6.494145139362182, 2
240, 6.497037531066832, 2
241, 5.662005382576439, 2
242, 5.893597807636011, 2
243, 4.6237442646219185, 2
244, 4.630100498357437, 2
245, 4.552748882566366, 2
246, 4.619453423409309, 2
247, 4.583513406235467, 2
248, 4.574769063985842, 2
249, 4.485691957670601, 2
250, 4.42758045942767, 2
251, 4.514902263427463, 2
252, 4.405306147775768, 2
253, 5.040082375155915, 2
254, 5.040439314989992, 2
255, 4.369507037742097, 2
256, 4.475110051326448, 2
257, 4.463113203386532, 2
258, 4.4602797050017635, 2
259, 5.017275351208475, 2
260, 5.014081442448372, 2
261, 5.006309843597391, 2
262, 5.0103871089679775, 2
263, 4.883592253031355, 2
264, 5.001391772836969, 2
265, 5.503605723758727, 2
266, 4.810861896566836, 2
267, 4.799668001155026, 2
268, 4.777802244748216, 2
269, 4.898747424716427, 2
270, 4.795929168012386, 2
271, 4.795727867778333, 2
272, 4.29346451715689, 2
273, 4.301343287345875, 2
274, 4.2988154652808745, 2
275, 4.308069355932968, 2
276, 4.269634700975401, 2
277, 4.29111443863505, 2
278, 1.04722322057201, 2
279, 1.406885426779652, 2
280, 1.4919081128979355, 2
281, 1.2220755262685021, 2
282, 1.0696584281942825, 2
283, 1.1377077563272369, 2
284, 3.3031529983066954, 2
285, 3.7894332398552253, 2
286, 3.3970248037017914, 2
287, 0.8730290320350657, 2
288, 0.1942375522574084, 2
289, 0.08614040708661153, 2
290, 0.13672115070534757, 2
291, 0.2150209096683105, 2
292, 0.07779668782180532, 2
293, 0.7004882733076272, 2
294, 0.6461490147446303, 2
295, 0.2074541900542393, 2
296, 0.42733496076234095, 2
297, 0.35764067137855254, 2
298, 0.3212981546088043, 2
299, 0.30370024598232337, 2
300, 0.13917730410155746, 2
301, 0.2063189013879238, 2
302, 0.15331924562927057, 2
303, 0.23381434693259226, 2
304, 0.21875345117198422, 2
305, 0.35387944143290956, 2
306, 0.17067786098466795, 2
307, 0.24728951442416502, 2
308, 0.4682770269551341, 2
309, 0.27971056638769487, 2
310, 0.18662246923271508, 2
311, 0.5775400770279997, 2
312, 0.7509397976615145, 2
313, 0.7157975598740984, 2
314, 0.7379312787967707, 2
315, 0.7192211746341434, 2
316, 0.5793077380346591, 2
317, 0.5581114709573917, 2
318, 0.6900338901186895, 2
319, 0.6041384112184532, 2
320, 0.5980650317589861, 2
321, 0.7114932731187429, 2
322, 0.5759559752492326, 2
323, 0.5482472399345959, 2
324, 0.7158001002009784, 2
325, 0.6678466680671387, 2
326, 0.7471956610961958, 2
327, 0.7966564068172574, 2
328, 0.9199280955671891, 2
329, 0.8741989317993346, 2
330, 0.8144795182774353, 2
331, 0.738139621912114, 2
332, 0.8113926948342817, 2
333, 0.6990747042647992, 2
334, 0.5543855826857251, 2
335, 0.6505232759978928, 2
336, 0.8929092104076833, 2
337, 1.400381461558114, 2
338, 1.3628212416476542, 2
339, 1.3871619291451658, 2
340, 1.447152840678841, 2
341, 1.3295893706619533, 2
342, 1.3272641128424971, 2
343, 1.3587744612743409, 2
344, 1.2807448629747855, 2
345, 1.285031131375687, 2
346, 1.14110960093806, 2
347, 1.407982231695947, 2
348, 1.3015468398929373, 2
349, 1.3611648210539888, 2
350, 1.4021564195781457, 2
351, 1.3303290048408871, 2
352, 1.3008077858117666, 2
353, 0.8005770427904049, 2
354, 0.767829987720205, 2
355, 0.8454389753120836, 2
356, 0.8011729225676103, 2
357, 0.800018708539151, 2
358, 0.7390190407906014, 2
359, 0.74407892958904, 2
360, 0.6514054513071049, 2
361, 0.7592550941568686, 2
362, 1.0523503996458539, 2
363, 0.9987585781805763, 2
364, 1.0124403394383394, 2
365, 1.1013709842709225, 2
366, 1.0713545242071951, 2
367, 0.98561874422743, 2
368, 1.099758450663974, 2
369, 1.0471540429503912, 2
370, 1.06687842597737, 2
371, 1.058183916794284, 2
372, 1.0576551851693932, 2
373, 0.9847807791865993, 2
374, 0.9847840735031839, 2
375, 1.0202177452397723, 2
376, 0.9878207655999584, 2
377, 1.0890437606475294, 2
378, 0.7971786229531086, 2
379, 0.814034606219544, 2
380, 0.792644389087287, 2
381, 0.7240457878259926, 2
382, 0.7283282790675483, 2
383, 0.8109356113343978, 2
384, 0.8062219446451384, 2
385, 0.7874342534386047, 2
386, 0.8186818391975511, 2
387, 1.0360499610208358, 2
388, 0.9744805430853604, 2
389, 1.0452405736858377, 2
390, 0.9729879907116515, 2
391, 1.0033770620811053, 2
392, 1.0538709597929958, 2
393, 1.0232299888382175, 2
394, 1.0507118028397968, 2
395, 1.0399919717056154, 2
396, 0.9714052901426834, 2
397, 0.974154149263515, 2
398, 1.0205477080104577, 2
399, 1.0200914801734953, 2
400, 1.0201786316712822, 2
401, 1.0468061455227893, 2
402, 0.9786268079118402, 2
403, 1.0175073719411938, 2
404, 1.0577149308773994, 2
405, 1.0273806393672742, 2
406, 0.9735928240827574, 2
407, 0.989811203320923, 2
408, 0.9893070774640386, 2
409, 1.2032029699820432, 2
410, 1.274449906654975, 2
411, 1.2739199873581408, 2
412, 1.2487349876707796, 2
413, 1.2113883233227156, 2
414, 1.2388901955260014, 2
415, 1.195949490563705, 2
416, 1.2508382765876749, 3
417, 3.707731889307839, 3
418, 2.6673262185827507, 3
419, 2.209108504149751, 3
420, 1.9899345540779914, 3
421, 1.816592460615841, 3
422, 1.6072354769663335, 3
423, 1.4537195391478526, 3
424, 1.3733084670942823, 3
425, 1.4983626988951921, 3
426, 1.5240683508091197, 3
427, 1.2809196318883636, 3
428, 2.7773190803857526, 3
429, 2.9034602098386895, 3
430, 2.8901749434771893, 3
431, 2.9103939235140004, 3
432, 2.7796962307360906, 3
433, 2.909369006625519, 3
434, 2.805558549012514, 3
435, 2.752529838516658, 3
436, 3.306910836191974, 3
437, 3.5985948171315028, 3
438, 3.413581187261925, 3
439, 3.334691665522438, 3
440, 4.129905798698488, 3
441, 4.0278704136988175, 3
442, 3.4459125931171695, 3
443, 3.18964301297309, 3
444, 3.308872877934888, 3
445, 3.363605766403336, 3
446, 3.4337893853911434, 3
447, 3.475186471305314, 3
448, 3.3586798581776094, 3
449, 3.3573661634319403, 3
450, 3.3293234406170384, 3
451, 3.352659766276439, 3
452, 3.323498205703357, 3
453, 3.3508264022700494, 3
454, 3.3639275725998106, 3
455, 3.0941522431908504, 2
456, 3.0628872968144645, 2
457, 3.0220245131456815, 2
458, 3.034754517417341, 2
459, 3.066720592019758, 2
460, 3.0648834106314022, 2
461, 2.7147912712132496, 2
462, 2.6817525346501716, 2
463, 2.7473313433579842, 2
464, 2.685550885804881, 2
465, 2.7105742852214445, 2
466, 3.0331827496419956, 2
467, 3.002665238324237, 2
468, 3.2503592513908517, 2
469, 3.2555575713029796, 2
470, 2.995329429455148, 2
471, 2.8612787552654257, 2
472, 3.2055006084775917, 2
473, 2.7032975921638034, 2
474, 2.52601093387629, 2
475, 2.550873302250699, 2
476, 2.5472405696001426, 2
477, 2.5379499384858373, 2
478, 2.514139134393276, 2
479, 2.5439189877258768, 2
480, 2.546689900252975, 2
481, 2.5200554851190042, 2
482, 2.6799557203436235, 2
483, 2.71438721802948, 2
484, 2.560587367327265, 2
485, 0.7110932959741421, 2
486, 0.7174741957720135, 2
487, 0.7164563970182963, 2
488, 0.7145284463658114, 2
489, 0.7090697931341807, 2
490, 0.7089023284888298, 2
491, 0.6774420067502781, 2
492, 0.6908793396032352, 2
493, 0.6588627244390752, 2
494, 0.7186839799510453, 2
495, 0.7031938881079188, 2
496, 0.6798841177101317, 2
497, 0.6724563053638785, 2
498, 0.6648744551243775, 2
499, 0.6524758493884358, 2
500, 0.6406377757279856, 2
501, 0.6455655888996245, 2
502, 0.6578993917036294, 2
503, 0.6618282178156303, 2
504, 0.6613894255824673, 2
505, 0.6473768494810119, 2
506, 0.6332624848848006, 2
507, 0.6088974901535761, 2
508, 0.643186694472003, 2
509, 0.6550504745200495, 2
510, 0.6617334504931602, 2
511, 0.6417641328431838, 2
512, 0.6544915096009863, 2
513, 0.6378423481600273, 2
514, 0.6537828630721836, 2
515, 0.642211219841642, 2
516, 0.6046643829891761, 2
517, 0.6522703264258448, 2
518, 0.8600557781538541, 2
519, 1.0873436694190723, 2
520, 1.0575455396782045, 2
521, 0.8720909040173401, 2
522, 1.0641016053792582, 2
523, 1.0664783692440158, 2
524, 1.0529121695343095, 2
525, 1.0814048483561254, 2
526, 1.071576068878464, 2
527, 1.0573869176032953, 2
528, 1.0766933749188035, 2
529, 1.0860432520381382, 2
530, 1.0773375786424348, 2
531, 1.0906428696063135, 2
532, 0.855197970670131, 2
533, 0.8666462600897522, 2
534, 1.0461573381326572, 2
535, 1.0779524045025761, 2
536, 1.0433537171844844, 2
537, 1.0647889574794263, 2
538, 6.715033564201519, 3
539, 3.8458451170311134, 3
540, 3.8243508966111697, 3
541, 3.8942961134767273, 3
542, 3.8290349354907676, 3
543, 3.8260822262904575, 3
544, 1.0673170905170588, 2
545, 1.064104354814174, 2
546, 1.0698706581360076, 2
547, 1.0547424210434297, 2
548, 1.0621604358172683, 2
549, 1.0751874352009407, 2
550, 1.051805820868317, 2
551, 2.2215590263448566, 2
552, 2.2434498121170185, 2
553, 2.258194486458358, 2
554, 2.2374861433320734, 2
555, 2.256865119541134, 2
556, 2.247304450031075, 2
557, 2.247574114552478, 2
558, 2.2591696536028154, 2
559, 2.265914333420838, 2
560, 2.2637943546285295, 2
561, 2.2569683018721762, 2
562, 2.257464233348814, 2
563, 2.242966793651813, 2
564, 2.237356775329618, 2
565, 2.217102058603527, 2
566, 2.2350218626845653, 2
567, 2.2450407693088503, 2
568, 2.604345886264621, 2
569, 2.585123369824156, 2
570, 2.5904337146119745, 2
571, 2.7601228792197987, 2
572, 2.7436635976391495, 2
573, 2.76194341994878, 2
574, 2.9272756106941715, 2
575, 2.726495841282454, 2
576, 2.737534753035777, 2
577, 2.529255754715997, 2
578, 2.680742455120707, 2
579, 2.666760340554423, 2
580, 2.920784000723402, 2
581, 2.8923294271994253, 2
582, 2.909441491325752, 2
583, 2.6677451897391893, 2
584, 2.678084839287868, 2
585, 2.6712780869076043, 2
586, 2.51152892116806, 2
587, 2.7096623686895667, 2
588, 2.8714009973822563, 2
589, 2.890732757998133, 2
590, 2.8815852622014972, 2
591, 2.700510094806891, 2
592, 2.662378592299712, 2
593, 2.6435839150190796, 2
594, 2.668119941088115, 2
595, 2.6419443164052367, 2
596, 2.860311053869524, 2
597, 3.2590220977586317, 2
598, 3.2355676233206716, 2
599, 3.2517923943732643, 2
600, 3.2667427251145456, 2
601, 3.2535245835061377, 2
602, 3.2378464869634933, 2
603, 3.0182045601595435, 2
604, 3.235429806165326, 2
605, 3.2301592079344483, 2
606, 3.238800218661114, 2
607, 2.8624026721182445, 2
608, 2.691469274001784, 2
609, 2.69957437877288, 2
610, 2.4968664096883835, 2
611, 2.5028523623315997, 2
612, 2.987750312256287, 2
613, 3.2061929592585994, 2
614, 3.2009896875732013, 2
615, 3.200859118283994, 2
616, 3.1946836061514396, 2
617, 3.187550867561549, 2
618, 3.19481955606496, 2
619, 2.8454397612713405, 2
620, 2.8315791310567904, 2
621, 2.827420810953907, 2
622, 2.3749651521116952, 2
623, 2.528487852539487, 2
624, 2.5381177307861296, 2
625, 2.659787703748664, 2
626, 4.300504549741185, 3
627, 4.290275176875375, 3
628, 4.289731776532376, 3
629, 4.322360636786439, 3
630, 4.308619686889134, 3
631, 4.295585808088703, 3
632, 4.267445103271937, 3
633, 4.341929296689222, 3
634, 4.3125780549326755, 3
635, 4.344024246398837, 3
636, 4.351474363976917, 3
637, 4.310045547476253, 3
638, 4.1896116475949015, 3
639, 4.168159976543811, 3
640, 4.264489281820842, 3
641, 4.288331377187737, 3
642, 4.281161218894012, 3
643, 4.152845868662231, 3
644, 4.146064665571728, 3
645, 3.7880706816069596, 3
646, 3.7937473355594653, 3
647, 5.461015827865937, 3
648, 4.118049778160628, 3
649, 4.181381105442528, 3
650, 4.12417934494063, 3
651, 4.118857259101204, 3
652, 2.5085753938113706, 2
653, 2.612760218105128, 2
654, 2.6036187230788097, 2
655, 2.6033875847472996, 2
656, 2.612573207579392, 2
657, 3.7856693533658645, 3
658, 3.775434041261276, 3
659, 3.8119912771097018, 3
660, 3.8038900682351886, 3
661, 3.798059631327152, 3
662, 3.809161242065373, 3
663, 3.7724904671292445, 3
664, 3.804100062729391, 3
665, 3.7613440023549725, 3
666, 3.6777997527532875, 3
667, 2.491227406126039, 2
668, 2.153151865301999, 2
669, 2.1469073521348085, 2
670, 2.469940524674704, 2
671, 2.4826857348711893, 2
672, 2.46116952310208, 2
673, 2.4584348088338897, 2
674, 2.298758430021728, 2
675, 2.4568312589516075, 2
676, 3.3729584657841563, 3
677, 3.3561782092920933, 3
678, 3.3912073505017806, 3
679, 3.4048340301047553, 3
680, 3.4699813508282213, 3
681, 3.491295562237431, 3
682, 3.485191283315164, 3
683, 3.4102508058306147, 3
684, 3.454268648447982, 3
685, 3.38537480291562, 3
686, 3.3905714395131907, 3
687, 3.38915573297785, 3
688, 3.497974188836122, 3
689, 3.5825789458198494, 3
690, 3.4532596936244535, 3
691, 3.453330106468001, 3
692, 3.475927568742956, 3
693, 3.469749024914197, 3
694, 3.358314888776756, 3
695, 3.0408550313639116, 3
696, 3.3867323120007287, 3
697, 3.3510614224644457, 3
698, 3.3578293710455753, 3
699, 3.362081121781849, 3
700, 3.361223846725376, 3
701, 3.3341776590652437, 3
702, 4.522012386360458, 3
703, 4.514550659418881, 3
704, 4.6008997784975065, 3
705, 4.613299202978236, 3
706, 4.600169997737201, 3
707, 4.590257977602503, 3
708, 4.604365121981694, 3
709, 4.591714326851353, 3
710, 4.607992316921779, 3
711, 4.595828121909266, 3
712, 4.513291841583556, 3
713, 4.510687330298118, 3
714, 4.496613678348202, 3
715, 4.516376537452084, 3
716, 4.512543755283481, 3
717, 4.503055529153672, 3
718, 4.50710258035462, 3
719, 4.587087381450806, 3
720, 4.503541891340833, 3
721, 4.489598179514262, 3
722, 4.505741293242644, 3
723, 4.21268558683891, 3
724, 4.219190452336917, 3
725, 4.484364332341128, 3
726, 4.47547431257284, 3
727, 4.482071665884308, 3
728, 4.502487490777986, 3
729, 6.436687027751586, 3
730, 6.439706325216764, 3
731, 6.351078223462137, 3
732, 6.352488930034737, 3
733, 6.35480406829725, 3
734, 6.362809561600351, 3
735, 6.337276677512502, 3
736, 6.352535860326397, 3
737, 6.749927203314735, 3
738, 6.3324198234481965, 3
739, 6.751504722124162, 3
740, 6.8227114858767495, 3
741, 6.814570739919113, 3
742, 6.822148122900006, 3
743, 6.752827384656198, 3
744, 6.0323981341619435, 3
745, 6.0349948313589845, 3
746, 6.312945364639848, 3
747, 6.037807008365225, 3
748, 6.291675377439646, 3
749, 6.696423455546486, 3
750, 6.724880285991641, 3
751, 7.500518052646596, 3
752, 7.053889692354368, 3
753, 7.065918226215926, 3
754, 7.484065592469277, 3
755, 7.486753982563544, 3
756, 7.458883507404901, 3
757, 7.456788931176426, 3
758, 6.900191126196303, 3
759, 6.895912457184155, 3
760, 6.975550452408963, 3
761, 6.661936851859429, 3
762, 6.642705944691254, 3
763, 6.019740993827587, 3
764, 6.035548111336624, 3
765, 6.006794017374188, 3
766, 6.257480949757928, 3
767, 6.241098155114212, 3
768, 6.496225678240254, 3
769, 5.7050848469383695, 3
770, 5.697600169901892, 3
771, 5.711102808509949, 3
772, 5.943897243495471, 3
773, 5.936675075462604, 3
774, 5.957957399156948, 3
775, 6.26800080186014, 3
776, 5.9449177368783905, 3
777, 5.93335436640822, 3
778, 5.99913511975122, 3
779, 6.006053967689309, 3
780, 5.996110556108985, 3
781, 6.575451337841263, 3
782, 6.565012216474448, 3
783, 6.506039469240248, 3
784, 5.9136980300901305, 3
785, 6.241392726491627, 3
786, 6.2670065530327825, 3
787, 5.910639945679526, 3
788, 5.916308066221756, 3
789, 5.697439745562409, 3
790, 6.226121893830447, 3
791, 6.2028331875827885, 3
792, 5.882111607352283, 3
793, 4.085651345178523, 3
794, 4.067709794446865, 3
795, 4.056210907977862, 3
796, 4.072496435975737, 3
797, 4.058596958093753, 3
798, 4.31058641980103, 3
799, 4.065365590547859, 3
800, 4.067872966078142, 3
801, 4.061653264442368, 3
802, 4.077281211064387, 3
803, 4.041516033449261, 3
804, 3.8787650308855595, 3
805, 3.8806724630526626, 3
806, 3.879616994785175, 3
807, 4.08148123544607, 3
808, 5.427138617343142, 3
809, 5.64799468545894, 3
810, 5.627243662574208, 3
811, 5.638183340282666, 3
812, 5.923909668602273, 3
813, 5.921455862960075, 3
814, 5.638177230481466, 3
815, 5.626502872404637, 3
816, 5.622817057954693, 3
817, 5.896789605539118, 3
818, 5.914182189989372, 3
819, 5.908309457739904, 3
820, 5.9162775224521935, 3
821, 7.982963136221027, 3
822, 7.990353311872264, 3
823, 8.370143661417234, 3
824, 8.36299407313749, 3
825, 8.362821352556686, 3
826, 8.374456898708392, 3
827, 8.370769431091212, 3
828, 7.949774627803786, 3
829, 7.9672466785664495, 3
830, 7.69989507401508, 3
831, 7.694274189816668, 3
832, 7.693485604719605, 3
833, 7.952055471201416, 3
834, 7.972561846167619, 3
835, 8.019013533515643, 3
836, 7.972104543541685, 3
837, 7.95511722374526, 3
838, 7.678324865337922, 3
839, 7.6914627745149104, 3
840, 7.962999478298468, 3
841, 7.521930007405927, 3
842, 7.932236512383441, 3
843, 7.936104266799534, 3
844, 8.158921263537277, 3
845, 8.497210382772053, 3
846, 7.8911049482061975, 3
847, 8.601924878121498, 3
848, 8.98090506008522, 3
849, 9.053439311002961, 3
850, 9.063702485840086, 3
851, 9.05585196658258, 3
852, 8.989488888244338, 3
853, 8.610225622199227, 3
854, 8.185003053477212, 3
855, 7.954900374338534, 3
856, 8.191542567117079, 3
857, 7.950927829243677, 3
858, 7.962009868606367, 3
859, 7.965504948493849, 3
860, 5.400561707103446, 3
861, 5.317320038714545, 3
862, 5.31926536017748, 3
863, 5.323828055569967, 3
864, 5.552947333755101, 3
865, 5.558023098115655, 3
866, 5.5403285981143275, 3
867, 5.551664494773734, 3
868, 5.542833922875768, 3
869, 5.5374793352795875, 3
870, 5.550067273891458, 3
871, 5.549679483546475, 3
872, 5.5311417123951845, 3
873, 5.52257051879867, 3
874, 5.7870823763488835, 3
875, 5.766747962710952, 3
876, 5.784976094243897, 3
877, 5.759425050588583, 3
878, 5.771433097394898, 3
879, 5.7814397425597965, 3
880, 5.760245613561287, 3
881, 5.523986590879398, 3
882, 5.514078710277744, 3
883, 6.2218354315722655, 3
884, 6.4639017951986615, 3
885, 6.4767391622876005, 3
886, 6.458181238041823, 3
887, 6.472786040415166, 3
888, 8.432374666946462, 3
889, 8.412098718395253, 3
890, 8.487911819454023, 3
891, 8.165334242192362, 3
892, 8.417163037400542, 3
893, 8.15234865879772, 3
894, 8.150638476253045, 3
895, 6.01376950615654, 3
896, 6.015132936374735, 3
897, 6.017559601501483, 3
898, 5.556404180752104, 3
899, 5.54758454856943, 3
900, 5.546902988100327, 3
901, 5.549766002193185, 3
902, 5.555041591081277, 3
903, 5.1526963081036055, 3
904, 4.929766947503297, 3
905, 5.1664441798390675, 3
906, 5.1682726713545755, 3
907, 5.164291576600154, 3
908, 5.171520921551752, 3
909, 5.171177243936343, 3
910, 5.014052878346516, 3
911, 5.012209555028659, 3
912, 5.036231176486959, 3
913, 5.2154380562929905, 3
914, 5.6159385843035725, 3
915, 5.612399989079817, 3
916, 5.606262899130992, 3
917, 5.613908931499802, 3
918, 5.6224147729359855, 3
919, 5.888344912439319, 3
920, 5.872757709530883, 3
921, 5.88499309371219, 3
922, 5.887454254864208, 3
923, 5.88429041774904, 3
924, 6.237991692388956, 3
925, 6.80992971132141, 3
926, 6.809072681465465, 3
927, 6.811043500526311, 3
928, 6.80449980819781, 3
929, 6.811089443613119, 3
930, 6.799176294950062, 3
931, 6.818167473204452, 3
932, 6.2196509484634905, 3
933, 6.220449870865759, 3
934, 6.215463680054277, 3
935, 6.217073457040943, 3
936, 6.216391163395855, 3
937, 6.211389556450437, 3
938, 6.221642968621621, 3
939, 6.216544073986179, 3
940, 6.771377929413794, 3
941, 6.784091068977717, 3
942, 7.168401532585047, 3
943, 7.167762410901918, 3
944, 7.174614056023215, 3
945, 9.571173009620836, 4
946, 9.571662648451172, 4
947, 9.561347049083375, 4
948, 9.592987125188936, 4
949, 9.594076144470499, 4
950, 9.521426156488333, 4
951, 9.591454566020483, 4
952, 9.14098139485855, 4
953, 9.180793261388825, 4
954, 10.76578261622195, 4
955, 10.726157559805133, 4
956, 10.802479201674421, 4
957, 10.719558204016549, 4
958, 10.764450150027782, 4
959, 10.46760563584648, 4
960, 10.457918152016305, 4
961, 10.486761959044461, 4
962, 11.408776756134536, 4
963, 11.417692060033975, 4
964, 11.395097224109314, 4
965, 11.40786056702312, 4
966, 11.40890072932952, 4
967, 10.95658847299965, 4
968, 10.608081370586616, 4
969, 10.087910027365686, 4
970, 11.023776914794551, 4
971, 10.907578238317242, 4
972, 10.96630278347954, 4
973, 10.919825096246958, 4
974, 10.902480860025303, 4
975, 10.536496503817883, 4
976, 10.988759695801214, 4
977, 10.931919266946435, 4
978, 11.28485449752532, 4
979, 11.324949155321274, 4
980, 10.86894578094299, 4
981, 10.009853250464333, 4
982, 9.686982787698748, 4
983, 9.674099121958786, 4
984, 9.99681439004841, 4
985, 8.241075629888053, 4
986, 8.301204017642334, 4
987, 8.306393511985691, 4
988, 9.767570624450125, 4
989, 9.756418980898312, 4
990, 9.810823413626418, 4
991, 10.072723761464601, 4
992, 6.916166273341222, 3
993, 7.205465223282849, 3
994, 7.5073960042925165, 3
995, 6.938273274935581, 3
996, 6.4257469287523605, 3
997, 6.648524844752967, 3
998, 6.633751424968223, 3
999, 6.879041789245887, 3
1000, 6.537202823506238, 3
1001, 6.555102876892736, 3
1002, 6.540550126687707, 3
1003, 6.558698229162898, 3
1004, 6.852714477903675, 3
1005, 6.846257501774314, 3
1006, 6.860267814313097, 3
1007, 7.13816652935936, 3
1008, 7.1879899248149846, 3
1009, 7.1886706467276245, 3
1010, 7.125732343026197, 3
1011, 7.1362367027808284, 3
1012, 7.128905472952926, 3
1013, 7.435130351142242, 3
1014, 7.4360536400091855, 3
1015, 7.135240446553733, 3
1016, 5.49581916629116, 3
1017, 5.496173322441406, 3
1018, 5.497165074067375, 3
1019, 5.508984516786071, 3
1020, 7.497538050132473, 4
1021, 7.4811298323608435, 4
1022, 7.207902932496509, 4
1023, 7.459300881075391, 4
1024, 7.455956898701817, 4
1025, 7.471237596209149, 4
1026, 7.196157346141003, 4
1027, 7.156853023989313, 4
1028, 7.463375838191361, 4
1029, 7.485432674508859, 4
1030, 7.185577474870913, 4
1031, 7.167696641000572, 4
1032, 7.155653296060504, 4
1033, 6.931457699358499, 4
1034, 7.142507861985298, 4
1035, 6.936240381913716, 4
1036, 6.921829180007393, 4
1037, 7.452368692092871, 4
1038, 7.4266945211446584, 4
1039, 7.45235369977689, 4
1040, 7.444160098439503, 4
1041, 7.1648556568032635, 4
1042, 7.449528356933602, 4
1043, 7.439001778320412, 4
1044, 7.456106251794514, 4
1045, 9.312735639812558, 4
1046, 8.88014959855122, 4
1047, 8.896034161988455, 4
1048, 8.857649843053641, 4
1049, 8.900260674281567, 4
1050, 8.844639674744272, 4
1051, 8.889024296070648, 4
1052, 12.553704792354749, 4
1053, 11.836711492301113, 4
1054, 11.802790038481707, 4
1055, 11.77326483096326, 4
1056, 11.775357001442744, 4
1057, 11.847126820843467, 4
1058, 11.501764660593386, 4
1059, 11.360347728410146, 4
1060, 11.336072651099082, 4
1061, 11.603785276858268, 4
1062, 11.624701500474577, 4
1063, 13.369042591339019, 4
1064, 13.36395029171598, 4
1065, 13.928917220961273, 4
1066, 13.710175357147493, 4
1067, 13.668187969536442, 4
1068, 13.668172597028903, 4
1069, 13.924494373981211, 4
1070, 14.011895572743422, 4
1071, 13.979785170985421, 4
1072, 14.460081670257347, 4
1073, 14.637657237081077, 4
1074, 14.66134728463253, 4
1075, 16.68437128471667, 4
1076, 16.486312632582973, 4
1077, 16.906145100521943, 4
1078, 16.91487852200691, 4
1079, 17.23305548292753, 4
1080, 17.440009696543164, 4
1081, 18.016834425047897, 4
1082, 18.400153911690186, 4
1083, 18.412878807515117, 4
1084, 18.075276152925724, 4
1085, 18.665401018752338, 4
1086, 18.0388042082045, 4
1087, 18.60817129307857, 4
1088, 18.12544663693721, 4
1089, 18.13432659982786, 4
1090, 18.10837957279952, 4
1091, 18.055676186259987, 4
1092, 17.453629036152492, 4
1093, 18.058355366184433, 4
1094, 18.287208217196316, 4
1095, 18.002353742539498, 4
1096, 17.94994714643404, 4
1097, 18.368694142845552, 4
1098, 18.973031183198856, 4
1099, 19.44964373805607, 4
1100, 19.456979936013152, 4
1101, 18.35963639551948, 4
1102, 18.3668318881152, 4
1103, 18.364783575925404, 4
1104, 18.297799422882886, 4
1105, 18.348908736322276, 4
1106, 18.766559686188607, 4
1107, 19.057767094508737, 4
1108, 18.410149660029646, 4
1109, 18.40802275493911, 4
1110, 21.064755817812998, 5
1111, 20.995755398640636, 5
1112, 20.981315306370313, 5
1113, 20.511334991067326, 5
1114, 20.50562928616215, 5
1115, 20.44223785833808, 5
1116, 20.575795656550635, 5
1117, 20.469523655231942, 5
1118, 20.945837264503304, 5
1119, 20.415060521012794, 5
1120, 20.405079401329214, 5
1121, 20.408253515601146, 5
1122, 21.00851725045384, 5
1123, 20.43419042097401, 5
1124, 20.337729574325163, 5
1125, 19.940831439363837, 5
1126, 19.88111503346212, 5
1127, 20.42562196980492, 5
1128, 20.436112135302633, 5
1129, 20.40126961795383, 5
1130, 20.371214881692353, 5
1131, 19.906483427744707, 5
1132, 19.877686632214406, 5
1133, 19.943269718592784, 5
1134, 17.6414314368264, 5
1135, 17.645569364370512, 5
1136, 17.693805110498694, 5
1137, 17.620123613539082, 5
1138, 17.619889564879426, 5
1139, 17.678992710455873, 5
1140, 17.627259015759687, 5
1141, 17.646846419518695, 5
1142, 17.166019288435113, 5
1143, 17.200794845382358, 5
1144, 17.21695744584384, 5
1145, 17.231078454915895, 5
1146, 16.807815321115882, 5
1147, 16.72553392295781, 5
1148, 16.704203269026717, 5
1149, 16.727078280686722, 5
1150, 16.737194983981937, 5
1151, 16.70449585797534, 5
1152, 16.34996373031534, 5
1153, 16.681340930917102, 5
1154, 16.711784601177705, 5
1155, 16.677082077563167, 5
1156, 17.143618665730155, 5
1157, 17.11761333321169, 5
1158, 17.145086332696664, 5
1159, 17.517706620624306, 5
1160, 18.109280126022313, 5
1161, 14.778655621034153, 4
1162, 14.203805954726233, 4
1163, 14.198663457307806, 4
1164, 14.208020807011815, 4
1165, 14.213538535224608, 4
1166, 13.859507107544635, 4
1167, 13.859284902897999, 4
1168, 13.848217451139922, 4
1169, 14.214896790507856, 4
1170, 15.149342126324552, 4
1171, 17.51046379391108, 4
1172, 17.49691738732949, 4
1173, 17.259004794356514, 4
1174, 16.860765759468613, 4
1175, 16.856431433177008, 4
1176, 17.244259894276283, 4
1177, 17.671353418895045, 4
1178, 17.674910491612827, 4
1179, 16.81222231431652, 4
1180, 16.693062026475683, 5
1181, 21.07910927157291, 5
1182, 20.9509653423173, 5
1183, 21.06056430452705, 5
1184, 20.94669280185605, 5
1185, 21.42622995893366, 5
1186, 21.456347722404782, 5
1187, 25.447714347194445, 5
1188, 25.4502690642456, 5
1189, 24.936905035533883, 5
1190, 24.90839223318696, 5
1191, 24.897829668463796, 5
1192, 24.887475650021553, 5
1193, 24.907285597122154, 5
1194, 24.45815507746074, 5
1195, 24.473680407940613, 5
1196, 24.863762173260653, 5
1197, 24.867934809828927, 5
1198, 24.95701228178866, 5
1199, 24.987988833127453, 5
1200, 27.803806412395275, 5
1201, 27.79532905814171, 5
1202, 27.777318828686358, 5
1203, 27.778186460628422, 5
1204, 28.191499661056532, 5
1205, 28.68393091368948, 5
1206, 28.68608476317501, 5
1207, 28.65912305719459, 5
1208, 30.786459709665067, 6
1209, 31.39261750840415, 6
1210, 30.78192556938445, 6
1211, 28.061337356282475, 6
1212, 27.995341562143626, 6
1213, 28.58378683016782, 6
1214, 27.46856963060292, 6
1215, 27.529224156179325, 6
1216, 27.556628479748603, 6
1217, 27.988404061335007, 6
1218, 28.510949363776838, 6
1219, 27.984373861384622, 6
1220, 27.931758242044545, 6
1221, 27.45623181748925, 6
1222, 27.458788661173482, 6
1223, 27.925166161576485, 6
1224, 27.887699085125426, 6
1225, 28.43457973756914, 6
1226, 28.877670222585852, 6
1227, 28.987650972843653, 6
1228, 28.941458598083997, 6
1229, 28.960986842192007, 6
1230, 28.46638599628853, 6
1231, 28.407363426783807, 6
1232, 28.36349751544778, 6
1233, 28.341717243835202, 6
1234, 28.415604150746308, 6
1235, 28.36000546482281, 6
1236, 27.452496349142542, 6
1237, 27.41980903967597, 6
1238, 28.736099699854602, 6
1239, 34.652968075891316, 6
1240, 34.01741295828932, 6
1241, 34.02891386117953, 6
1242, 34.46800656756467, 6
1243, 33.930436903389015, 6
1244, 33.9775004733757, 6
1245, 34.03400418300941, 6
1246, 33.00373532663917, 6
1247, 33.49018308667278, 6
1248, 33.41490707538763, 6
1249, 33.42885425829313, 6
1250, 33.39235500380949, 6
1251, 32.660970963983985, 6
1252, 33.11449364999212, 6
1253, 33.12928355912779, 6
1254, 33.11395081577229, 6
1255, 32.855863029652255, 6
1256, 33.41630639833821, 6
1257, 33.70758295357004, 6
1258, 33.7117755666643, 6
1259, 35.92432236784467, 6
1260, 35.9514670590808, 6
1261, 35.90214151519679, 6
1262, 35.95033790533287, 6
1263, 35.45630161716291, 6
1264, 34.38479545849591, 6
1265, 34.09554365489822, 6
1266, 34.56610330475313, 6
1267, 34.53365617172457, 6
1268, 34.54121369008824, 6
1269, 34.43187697146081, 6
1270, 34.91107212764098, 6
1271, 34.41762499327003, 6
1272, 34.47186371767577, 6
1273, 35.26171554019391, 6
1274, 32.903041556297765, 6
1275, 32.84338224035963, 6
1276, 32.90320097950714, 6
1277, 32.48851682684163, 6
1278, 32.4815224453463, 6
1279, 32.81462818991282, 6
1280, 33.26178975050067, 6
1281, 35.381317095086686, 6
1282, 34.88067789091045, 6
1283, 34.881909156799956, 6
1284, 34.865932035838675, 6
1285, 35.36373101070884, 6
1286, 34.864729989547406, 6
1287, 34.851054056034684, 6
1288, 33.9387532105598, 6
1289, 33.985988526142364, 6
1290, 33.99053332693611, 6
1291, 33.48843965758926, 6
1292, 33.99213203943306, 6
1293, 34.03857823343826, 6
1294, 34.76086139372237, 6
1295, 33.92085371538016, 6
1296, 33.91176017047409, 6
1297, 33.82232900685467, 6
1298, 33.87262201456747, 6
1299, 33.86892990353193, 6
1300, 34.35193168585283, 6
1301, 34.25140644363611, 6
1302, 34.212601881430025, 6
1303, 34.75455514329026, 6
1304, 34.83443773736161, 6
1305, 34.70313269910693, 6
1306, 34.71515386538063, 6
1307, 35.21333995737047, 6
1308, 34.74549703145615, 6
1309, 35.22047794077907, 6
1310, 35.10521984670523, 6
1311, 35.07422860625893, 6
1312, 34.706850684220456, 6
1313, 34.708897321772945, 6
1314, 34.643993232542655, 6
1315, 34.66780193636556, 6
1316, 34.22071035614673, 6
1317, 33.462763102257085, 6
1318, 33.42073511823169, 6
1319, 33.768937565608134, 6
1320, 34.493887091997635, 6
1321, 33.743027933031, 6
1322, 34.44245566279163, 6
1323, 33.605731352530945, 6
1324, 33.645969010446024, 6
1325, 33.633158856269475, 6
1326, 33.55866662493306, 6
1327, 34.44688848679919, 6
1328, 33.900474541266384, 6
1329, 34.3565215482734, 6
1330, 34.3486014980703, 6
1331, 34.34237612638951, 6
1332, 34.86522129573227, 6
1333, 35.36807828488536, 6
1334, 37.63190987199031, 6
1335, 37.65850673619128, 6
1336, 37.61871887505387, 6
1337, 38.69565950649925, 6
1338, 37.995480314680165, 6
1339, 38.0598830152251, 6
1340, 38.380545866353025, 6
1341, 38.35677092521112, 6
1342, 37.814163230009264, 6
1343, 37.81629511863574, 6
1344, 38.32989332425081, 6
1345, 38.80624130102636, 6
1346, 37.78026105082587, 6
1347, 37.73900747015212, 6
1348, 38.24125735920071, 6
1349, 37.734190335436224, 6
1350, 37.75294555688598, 6
1351, 37.712042289210096, 6
1352, 37.738769821047484, 6
1353, 37.72464040982779, 6
1354, 37.729339477503586, 6
1355, 37.285548873449265, 6
1356, 37.26901134006953, 6
1357, 37.31336107793204, 6
1358, 36.791695939207635, 6
1359, 37.73597405214239, 6
1360, 37.67821978944479, 6
1361, 38.65240337637586, 6
1362, 38.64272045561776, 6
1363, 39.50601618834909, 6
1364, 40.09173535033203, 6
1365, 40.091034137453605, 6
1366, 38.971338937833984, 6
1367, 38.94759165886444, 6
1368, 41.23647223989056, 7
1369, 40.84246797681786, 7
1370, 40.40739383705378, 7
1371, 40.742856581504704, 7
1372, 40.330185949958874, 7
1373, 40.284281356036274, 7
1374, 40.303304512423324, 7
1375, 40.3326581230066, 7
1376, 40.24583781641231, 7
1377, 40.731338065922344, 7
1378, 40.64606551957594, 7
1379, 41.08387149939536, 7
1380, 41.54112780083286, 7
1381, 40.54868658420309, 7
1382, 43.98530747582029, 7
1383, 43.946241658513706, 7
1384, 44.37068163343514, 7
1385, 44.3976931128317, 7
1386, 44.522088915466256, 7
1387, 44.43140518601165, 7
1388, 44.454309462618085, 7
1389, 44.005925190044714, 7
1390, 43.89150403170674, 7
1391, 43.93777699231436, 7
1392, 40.74600878159732, 6
1393, 40.753820638643056, 6
1394, 40.73711747552438, 6
1395, 40.223019663178086, 6
1396, 41.12197216082225, 6
1397, 40.85461770915819, 6
1398, 41.30266021263248, 6
1399, 41.32028191318027, 6
1400, 40.35065561886022, 6
1401, 39.866358173064796, 6
1402, 39.467206412989505, 6
1403, 39.82892138814891, 6
1404, 39.42473350741711, 6
1405, 39.425563783836225, 6
1406, 39.41090479030648, 6
1407, 38.94875657793717, 6
1408, 39.39347239456027, 6
1409, 39.77276956166564, 6
1410, 39.28544413768299, 6
1411, 39.3386362671953, 6
1412, 39.373062727005575, 6
1413, 39.04365496903934, 6
1414, 38.548197496848886, 6
1415, 39.29045523270435, 6
1416, 38.97198019215215, 6
1417, 38.93078521636451, 6
1418, 38.83741295804693, 6
1419, 38.474975967258004, 6
1420, 38.052458770167476, 6
1421, 38.067206895307315, 6
1422, 37.342716439445034, 6
1423, 37.36383351122542, 6
1424, 37.630985806903155, 6
1425, 35.546219331351864, 6
1426, 35.43137708203555, 6
1427, 35.55227733462524, 6
1428, 35.80820445213888, 6
1429, 36.176307023345956, 6
1430, 36.25935971674154, 6
1431, 36.57335737841425, 6
1432, 36.16391344726767, 6
1433, 36.178634585034004, 6
1434, 38.20780705810306, 6
1435, 37.83045548346596, 6
1436, 38.64240199858577, 6
1437, 38.6418856325162, 6
1438, 38.64732770323922, 6
1439, 38.62752119347101, 6
1440, 35.75074334692397, 6
1441, 35.36589229424223, 6
1442, 35.31255876383315, 6
1443, 35.01533426990539, 6
1444, 34.933154502847295, 6
1445, 34.53331247564977, 6
1446, 34.46224160911391, 6
1447, 34.86489301743839, 6
1448, 35.16030403475613, 6
1449, 35.16924618767347, 6
1450, 32.330919295125355, 6
1451, 32.43627528674891, 6
1452, 32.65484572800366, 6
1453, 32.68540607044576, 6
1454, 33.10910242213341, 6
1455, 36.44674935261402, 7
1456, 36.03087615402986, 7
1457, 42.231930275024645, 7
1458, 42.208437786274374, 7
1459, 41.805747917085505, 7
1460, 42.23100244366154, 7
1461, 41.321574846723884, 7
1462, 43.47243369918978, 7
1463, 43.53209592291787, 7
1464, 43.40469026408136, 7
1465, 43.896914291057215, 7
1466, 44.30131381112489, 7
1467, 43.81453095519407, 7
1468, 44.27862176673996, 7
1469, 44.45517897733513, 7
1470, 44.56590291378731, 7
1471, 44.554419352121634, 7
1472, 44.53635800912917, 7
1473, 44.193421174254375, 7
1474, 44.49142659521622, 7
1475, 44.162344148239406, 7
1476, 44.259489708866774, 7
1477, 44.18350947731582, 7
1478, 44.94546485785049, 7
1479, 44.90470854028243, 7
1480, 44.5303793070472, 7
1481, 44.52006369938215, 7
1482, 44.65367592403895, 7
1483, 44.30967239081285, 7
1484, 44.455149993492185, 7
1485, 44.01507102220207, 7
1486, 43.9526306449754, 7
1487, 43.61732095512174, 7
1488, 43.62133608935723, 7
1489, 40.88529184979648, 7
1490, 40.766980081836294, 7
1491, 40.8698112244922, 7
1492, 41.04624283031324, 7
1493, 40.61435323101083, 7
1494, 40.26436919962971, 7
1495, 40.42218307966192, 7
1496, 38.27928853952743, 7
1497, 38.347760918055684, 7
1498, 38.34321844883289, 7
1499, 38.32869597029644, 7
1500, 38.46972915158794, 7
1501, 38.46558025836783, 7
1502, 38.581379414994494, 7
1503, 38.79511416164553, 7
1504, 40.42031181793414, 7
1505, 40.855830746455354, 7
1506, 40.79855229563302, 7
1507, 41.12274687657653, 7
1508, 40.96761540648431, 7
1509, 43.026842483192205, 7
1510, 44.91025528386831, 7
1511, 42.45754088713509, 7
1512, 42.527494568393266, 7
1513, 42.40614157112968, 7
1514, 42.3951464609808, 7
1515, 42.42671034859756, 7
1516, 42.47456898633894, 7
1517, 42.401568427181516, 7
1518, 42.69052915776466, 7
1519, 43.05059923636035, 7
1520, 42.75296518103483, 7
1521, 44.760926772243124, 7
1522, 44.43463825685922, 7
1523, 44.396000558955336, 7
1524, 42.06698051800659, 7
1525, 42.409345819514364, 7
1526, 42.374762731636466, 7
1527, 41.6460038673852, 7
1528, 41.70727387991096, 7
1529, 41.71275611895018, 7
1530, 42.37938313980064, 7
1531, 42.72195231609886, 7
1532, 42.36071043253243, 7
1533, 42.8008409272053, 7
1534, 40.278522384110644, 7
1535, 40.3959704294126, 7
1536, 40.46429081088035, 7
1537, 40.932766966064, 7
1538, 40.851193918438945, 7
1539, 40.87987987306082, 7
1540, 40.8276673835868, 7
1541, 40.81592225927229, 7
1542, 41.1465664217127, 7
1543, 40.859397518995245, 7
1544, 40.85414047344602, 7
1545, 40.85972979701873, 7
1546, 41.227171422760414, 7
1547, 40.763281592250394, 7
1548, 40.74054940313478, 7
1549, 40.79190760219907, 7
1550, 40.72608353334501, 7
1551, 41.11287424981687, 7
1552, 41.38022399299893, 7
1553, 43.260654147670344, 7
1554, 46.31323827653728, 8
1555, 45.62508941408627, 8
1556, 45.61755778343468, 8
1557, 44.87312522485506, 8
1558, 44.377173351843325, 8
1559, 44.666496152246104, 8
1560, 44.80143595534792, 8
1561, 44.66397821204076, 8
1562, 44.66765577521557, 8
1563, 47.117933544548194, 8
1564, 46.72167645076375, 8
1565, 44.087538778790574, 8
1566, 44.201845751071914, 8
1567, 44.46366819909635, 8
1568, 43.99638223492931, 8
1569, 44.34176643406397, 8
1570, 44.226461192165154, 8
1571, 44.313569415667835, 8
1572, 53.16756504459784, 8
1573, 53.48862366416746, 8
1574, 53.431465981503614, 8
1575, 59.58152078361826, 9
1576, 58.930808777230496, 9
1577, 59.636648984519475, 9
1578, 60.12273158249689, 9
1579, 60.1724396564467, 9
1580, 59.72674223814802, 9
1581, 60.19174580737274, 9
1582, 60.14938935732259, 9
1583, 67.6026155623662, 9
1584, 67.53952229773135, 9
1585, 55.71301278938881, 9
1586, 56.15625622679526, 9
1587, 55.85086068217832, 9
1588, 56.07620501463, 9
1589, 56.27351961990811, 9
1590, 55.99536452955545, 9
1591, 56.02179363190426, 9
1592, 56.03007875488627, 9
1593, 55.72647801111436, 9
1594, 55.885646944772034, 9
1595, 55.992363492869224, 9
1596, 55.995286888878326, 9
1597, 57.49530712412473, 9
1598, 57.08816600078974, 9
1599, 56.43668702272388, 9
1600, 55.78296901069465, 9
1601, 56.00259740857448, 9
1602, 56.92217446249866, 9
1603, 56.82455407284241, 9
1604, 56.83145705126076, 9
1605, 53.99867190553446, 9
1606, 54.046086556090934, 9
1607, 53.9957220404526, 9
1608, 54.78329419230401, 9
1609, 54.84676387928696, 9
1610, 54.925066701477874, 9
1611, 54.866170895782666, 9
1612, 54.76656676440846, 9
1613, 54.756328985196376, 9
1614, 55.362182810625136, 9
1615, 55.18181577170663, 9
1616, 54.9888669562193, 9
1617, 54.76356071771572, 9
1618, 54.864103931022974, 9
1619, 54.32920333408319, 9
1620, 54.87638662763303, 9
1621, 54.906511147161446, 9
1622, 54.89511460027601, 9
1623, 55.02268857474154, 9
1624, 54.98212700124684, 9
1625, 54.898363626374916, 9
1626, 54.946514206149175, 9
1627, 56.795785608623085, 9
1628, 56.82503269970598, 9
1629, 56.80518039817088, 9
1630, 56.92621455398555, 9
1631, 57.016478808442436, 9
1632, 56.937428235167275, 9
1633, 56.955295523014286, 9
1634, 56.83737721481624, 9
1635, 57.24375519052295, 9
1636, 57.285936948950145, 9
1637, 57.2275104822318, 9
1638, 56.83577128064971, 9
1639, 57.00442735074433, 9
1640, 57.307402053649575, 9
1641, 57.12922263662951, 9
1642, 57.16773685082639, 9
1643, 57.19011102405177, 9
1644, 57.11515261923921, 9
1645, 54.818140232624, 9
1646, 57.21829933873943, 9
1647, 57.933664129112316, 9
1648, 56.93470260391679, 9
1649, 57.510737436004135, 9
1650, 57.92138047657431, 9
1651, 57.86031614702928, 9
1652, 57.36498867211892, 9
1653, 57.86716374090075, 9
1654, 56.95512175076344, 9
1655, 56.825119480016795, 9
1656, 56.816799560118305, 9
1657, 57.797881262066475, 9
1658, 57.770939618408676, 9
1659, 57.36910339930264, 9
1660, 57.27717671752236, 9
1661, 57.217378722455855, 9
1662, 57.21462076608738, 9
1663, 56.7229312803306, 9
1664, 56.631518999096045, 9
1665, 56.574264589174284, 9
1666, 56.28675588623676, 9
1667, 56.28082724656301, 9
1668, 55.84700097521503, 9
1669, 51.0005500336722, 8
1670, 61.28727452727595, 9
1671, 61.16261279007624, 9
1672, 60.95823739544161, 9
1673, 58.47125655717469, 9
1674, 58.405821758867454, 9
1675, 58.513679439782806, 9
1676, 58.53436840271648, 9
1677, 58.554696301360934, 9
1678, 58.568900726041946, 9
1679, 58.14083809926467, 9
1680, 58.38123751576055, 9
1681, 58.415138484778815, 9
1682, 58.349918646999896, 9
1683, 58.079257342809306, 9
1684, 58.0685967700658, 9
1685, 58.0091461456252, 9
1686, 62.132351224264816, 10
1687, 62.43231770822003, 10
1688, 64.53424833303417, 10
1689, 64.60252326353142, 10
1690, 66.55632926937405, 10
1691, 66.72124526464845, 10
1692, 66.13327581342837, 10
1693, 68.77360205901628, 10
1694, 69.34084741140937, 10
1695, 69.12252989961158, 10
1696, 69.56938720498398, 10
1697, 69.54432249851712, 10
1698, 69.18941455549124, 10
1699, 69.55557226684776, 10
1700, 69.50953694831503, 10
1701, 69.49834759675406, 10
1702, 66.52752332405154, 10
1703, 66.64713686911206, 10
1704, 66.53571129573562, 10
1705, 68.72395578661323, 10
1706, 68.69699871810278, 10
1707, 69.26745001949692, 10
1708, 64.78192683735689, 9
1709, 63.98227175513526, 9
1710, 63.935263017416275, 9
1711, 63.48317151566214, 9
1712, 63.549034506133026, 9
1713, 64.34196265301301, 9
1714, 63.435059287630374, 9
1715, 64.26727548171696, 9
1716, 63.88287077664234, 9
1717, 63.80600038387384, 9
1718, 63.82549734780142, 9
1719, 64.67895719131299, 9
1720, 64.23944087148429, 9
1721, 64.64915052182734, 9
1722, 64.64135830562358, 9
1723, 65.09202736510863, 9
1724, 65.10382216932126, 9
1725, 65.43525057600381, 9
1726, 65.44999794695548, 9
1727, 67.80712258137987, 9
1728, 67.31670899195686, 9
1729, 66.85440191419715, 9
1730, 67.33613362339871, 9
1731, 65.19873232536067, 9
1732, 65.1834503675546, 9
1733, 64.72902905880814, 9
1734, 64.75262710672897, 9
1735, 67.06689436821586, 9
1736, 67.52504554430259, 9
1737, 67.50979197476516, 9
1738, 68.22720603106809, 9
1739, 68.37715376978426, 9
1740, 67.41546781250783, 9
1741, 67.35672947726654, 9
1742, 67.24424204014436, 9
1743, 67.28087742068602, 9
1744, 68.04494962334157, 9
1745, 70.41253224221559, 9
1746, 71.32948068409944, 9
1747, 70.27797997025955, 9
1748, 70.75076508684106, 9
1749, 71.3304451700323, 9
1750, 71.36119085036617, 9
1751, 70.77369659879984, 9
1752, 70.85506410125649, 9
1753, 71.21971679319623, 9
1754, 70.81542136158086, 9
1755, 69.46404358981893, 9
1756, 70.24619471977432, 9
1757, 70.47489307969248, 9
1758, 70.6918270796902, 9
1759, 74.23992965166376, 10
1760, 69.5904915305256, 9
1761, 69.78681737127299, 9
1762, 69.0122976302119, 9
1763, 69.91283288549037, 9
1764, 69.84976006623673, 9
1765, 69.42131887772506, 9
1766, 69.85154930217878, 9
1767, 69.85801568406761, 9
1768, 69.83199287444259, 9
1769, 68.96676241982344, 9
1770, 69.32180606262438, 9
1771, 69.16508752694479, 9
1772, 68.9043412227739, 9
1773, 69.4501736470405, 9
1774, 66.42996013962274, 9
1775, 66.88575227619015, 9
1776, 67.36948297883137, 9
1777, 66.2185545127818, 9
1778, 66.25945490280934, 9
1779, 65.50557953169603, 9
1780, 65.07353350499169, 9
1781, 67.77255395225036, 10
1782, 67.9045055584995, 10
1783, 68.24513999309008, 10
1784, 69.17915593749522, 10
1785, 69.09731501646057, 10
1786, 69.15660341571643, 10
1787, 70.1559862393073, 10
1788, 70.17847428147797, 10
1789, 70.69444510225628, 10
1790, 70.09475420109045, 10
1791, 70.49751897519907, 10
1792, 66.74889929824457, 9
1793, 66.72664225832233, 9
1794, 66.74422135365062, 9
1795, 66.31857950104548, 9
1796, 66.65042591126436, 9
1797, 66.7091636280076, 9
1798, 66.67521572397438, 9
1799, 65.6106589351826, 9
1800, 64.74858250358193, 9
1801, 64.7740970230759, 9
1802, 65.1575902474973, 9
1803, 68.16531516799877, 10
1804, 68.69140849608101, 10
1805, 71.88760325203329, 11
1806, 67.31592582157353, 10
1807, 68.34134223816646, 10
1808, 67.97616522856316, 10
1809, 68.27041165567675, 10
1810, 70.68482503712009, 10
1811, 71.21855017834604, 10
1812, 70.74410982269347, 10
1813, 70.66125562864997, 10
1814, 70.6415379130088, 10
1815, 70.31029567460877, 10
1816, 67.60234338251318, 10
1817, 66.5632209421321, 10
1818, 67.05684697360842, 10
1819, 67.45424925906225, 10
1820, 67.09226779057553, 10
1821, 67.05771693144834, 10
1822, 66.58082919840051, 10
1823, 66.53985393139936, 10
1824, 64.00937895111652, 10
1825, 63.86318558207883, 10
1826, 63.76307879089619, 10
1827, 63.660400066363565, 10
1828, 63.26411308736607, 10
1829, 63.657185414122495, 10
1830, 63.55571987656272, 10
1831, 63.17735958470851, 10
1832, 62.63621542582254, 10
1833, 63.97169356933645, 10
1834, 63.530988928892086, 10
1835, 63.91914341212906, 10
1836, 63.854890308115074, 10
1837, 63.95226373655905, 10
1838, 63.473131929839525, 10
1839, 63.603716209947976, 10
1840, 63.88043083707288, 10
1841, 64.00144513709041, 10
1842, 63.810986843589376, 10
1843, 63.94897068999914, 10
1844, 63.05803422739395, 10
1845, 62.62445803378573, 10
1846, 63.08596800400856, 10
1847, 63.44810893586097, 10
1848, 63.06021401861037, 10
1849, 62.99773479248833, 10
1850, 62.591823747252164, 10
1851, 62.98502542602222, 10
1852, 62.98515586138883, 10
1853, 64.00150850141539, 10
1854, 63.34096959097339, 10
1855, 64.96973632466461, 10
1856, 64.98497287428602, 10
1857, 62.62171288630577, 10
1858, 62.224127657022976, 10
1859, 62.09578911685293, 10
1860, 61.76862129811917, 10
1861, 62.054525494643144, 10
1862, 61.77602945022045, 10
1863, 61.702678218986534, 10
1864, 61.750349434109836, 10
1865, 61.698938969753414, 10
1866, 61.85597219016037, 10
1867, 69.0255180880746, 10
1868, 69.34117234034437, 10
1869, 69.79123039617289, 10
1870, 69.75955116404651, 10
1871, 70.1598061464248, 10
1872, 70.1566730011722, 10
1873, 70.14917041686832, 10
1874, 69.38905784163225, 10
1875, 69.38582585251986, 10
1876, 71.5256365414025, 10
1877, 71.47152999247947, 10
1878, 73.63338523789518, 10
1879, 73.54242114754464, 10
1880, 73.53821436337041, 10
1881, 73.61118122266524, 10
1882, 74.00170983338562, 10
1883, 74.42211468841637, 10
1884, 73.97984893884347, 10
1885, 74.08257638267911, 10
1886, 74.04415048119142, 10
1887, 74.11754555591416, 10
1888, 74.03742303631228, 10
1889, 74.06680283180721, 10
1890, 74.54771623199291, 10
1891, 72.30528725305943, 10
1892, 72.21812788534106, 10
1893, 70.44644684915812, 10
1894, 70.36961611683532, 10
1895, 69.9627827310034, 10
1896, 73.12244819233113, 11
1897, 72.59194525788979, 11
1898, 80.40645839309379, 11
1899, 80.8409009741336, 11
1900, 80.54845347724972, 11
1901, 80.45021275005799, 11
1902, 80.40014306039478, 11
1903, 84.593695551712, 11
1904, 84.61237687156925, 11
1905, 84.4827275403104, 11
1906, 84.21717715457693, 11
1907, 84.1878973908449, 11
1908, 87.58975514465527, 12
1909, 88.26835478563694, 12
1910, 86.86943684769119, 12
1911, 86.94397837596955, 12
1912, 87.03720555721782, 12
1913, 86.95609376283241, 12
1914, 86.91711111406234, 12
1915, 86.79283756489393, 12
1916, 86.85472075916167, 12
1917, 86.94217729723623, 12
1918, 88.85736455127555, 12
1919, 89.05517016647747, 12
1920, 89.0429467937389, 12
1921, 89.82004291946596, 12
1922, 90.20712064334947, 12
1923, 89.36828828053135, 12
1924, 89.79055975957382, 12
1925, 88.90782974881684, 12
1926, 89.19303984123573, 12
1927, 89.36797261889419, 12
1928, 89.8537877990812, 12
1929, 90.15591822816369, 12
1930, 90.90354659456867, 12
1931, 90.98773053745735, 12
1932, 91.97185243828774, 12
1933, 91.38067983221171, 12
1934, 91.2937848247882, 12
1935, 91.89521742601497, 12
1936, 91.70334488792513, 12
1937, 91.32992415209662, 12
1938, 91.77644282646197, 12
1939, 92.31094362436886, 12
1940, 92.74133178677106, 12
1941, 92.67863573839637, 12
1942, 92.66790970647585, 12
1943, 92.25699602463331, 12
1944, 92.6045202747886, 12
1945, 93.06700030966864, 12
1946, 96.88011292876251, 13
1947, 96.44730735188796, 13
1948, 96.3417776661858, 13
1949, 95.94892364208256, 13
1950, 96.28171351323708, 13
1951, 96.26849453299477, 13
1952, 96.3759870180999, 13
1953, 95.31674910485982, 13
1954, 95.41476598761433, 13
1955, 98.4991680690425, 13
1956, 98.84775750316003, 13
1957, 103.35693002808082, 14
1958, 111.01406138945563, 14
1959, 110.64055524239589, 14
1960, 110.67574033773178, 14
1961, 110.63430928413788, 14
1962, 110.73115575968987, 14
1963, 110.24104552219947, 14
1964, 110.53011908941833, 14
1965, 110.69752105232617, 14
1966, 110.34819509085457, 14
1967, 112.3169481043665, 14
1968, 112.50324034896516, 14
1969, 112.39138863118635, 14
1970, 113.34352363446595, 14
1971, 113.20331531413669, 14
1972, 113.40492352713093, 14
1973, 113.3390603518393, 14
1974, 113.72906591762154, 14
1975, 113.67238871306999, 14
1976, 121.7848178737054, 14
1977, 121.77851956971264, 14
1978, 121.27924207604161, 14
1979, 121.70248868550469, 14
1980, 130.65337616654023, 14
1981, 114.68656472619453, 14
1982, 114.77986803261992, 14
1983, 115.93887538349524, 14
1984, 115.87446727063103, 14
1985, 115.82653385664685, 14
1986, 116.56900737861906, 14
1987, 117.15056799097049, 14
1988, 116.65154506083722, 14
1989, 118.97305926610925, 14
1990, 122.1367879031887, 14
1991, 121.09680932725118, 14
1992, 120.68318941496356, 14
1993, 120.57509526635305, 14
1994, 120.55033231963655, 14
1995, 120.66758934582296, 14
1996, 120.7848751263162, 14
1997, 117.727626232396, 14
1998, 117.65313126653348, 14
1999, 115.24726535397016, 14
2000, 115.16411562345178, 14
2001, 115.0681877084099, 14
2002, 115.52343571017259, 14
2003, 115.08630399044922, 14
2004, 115.51301197985251, 14
2005, 115.36079175245625, 14
2006, 117.22399705361757, 14
2007, 118.36997435266468, 14
2008, 118.2514974287693, 14
2009, 118.71744972251898, 14
2010, 118.95553772339261, 14
2011, 118.85782726362679, 14
2012, 119.49649370848914, 14
2013, 120.91272398387656, 14
2014, 120.49682205782013, 14
2015, 121.12526884159192, 14
2016, 122.14521661970092, 14
2017, 122.69840557895238, 14
2018, 123.13974801924502, 14
2019, 122.6258203113683, 14
2020, 121.51911672992927, 14
2021, 128.8557335257534, 15
2022, 128.8301965828334, 15
2023, 127.50594425792642, 15
2024, 127.59012852449422, 15
2025, 128.19086513011035, 15
2026, 128.13480054773277, 15
2027, 135.31181575868666, 15
2028, 136.51805722605502, 15
2029, 139.07079521653944, 15
2030, 139.6821600769783, 15
2031, 139.7225224954605, 15
2032, 136.52056866641632, 15
2033, 136.54912725928202, 15
2034, 139.44960138120385, 16
2035, 139.02621522264695, 16
2036, 139.12430884239814, 16
2037, 135.76325821637548, 16
2038, 146.2739772682899, 16
2039, 147.37757700665418, 16
2040, 147.22859030915396, 16
2041, 147.12586538450526, 16
2042, 146.47482089094666, 16
2043, 147.00349076636886, 16
2044, 147.02349005498476, 16
2045, 146.91190546455022, 16
2046, 146.4155048256078, 16
2047, 146.47374268875586, 16
2048, 147.5803799821859, 16
2049, 135.4796301420066, 16
2050, 136.1457239031654, 16
2051, 132.90390818905854, 16
2052, 132.26995755440126, 16
2053, 132.29911518903606, 16
2054, 132.64265986022818, 16
2055, 132.90105730411278, 16
2056, 136.04118331747702, 16
2057, 135.7673342396165, 16
2058, 139.54410478971045, 17
2059, 136.6464252596634, 17
2060, 136.64010662836307, 17
2061, 137.25071066283755, 17
2062, 139.16785648824379, 17
2063, 139.9689141291881, 17
2064, 142.92892590759237, 17
2065, 143.61907996750048, 17
2066, 144.65652621134936, 17
2067, 145.4256680238222, 17
2068, 145.95132312983364, 17
2069, 146.05581868312044, 17
2070, 145.92528962751038, 17
2071, 145.89732594733044, 17
2072, 145.84969318330752, 17
2073, 149.7103637363484, 17
2074, 149.74235153522986, 17
2075, 149.7219319540709, 17
2076, 149.58815827888355, 17
2077, 143.62563456936857, 16
2078, 143.079792519, 16
2079, 143.62739891751795, 16
2080, 142.3093188835636, 16
2081, 148.84768058175118, 16
2082, 148.89394007056754, 16
2083, 146.52992559093232, 16
2084, 146.45732567082584, 16
2085, 144.76542713070268, 16
2086, 144.032586765431, 16
2087, 144.72466060324552, 16
2088, 144.62585394715822, 16
2089, 147.36059333559254, 16
2090, 147.23625384329813, 16
2091, 144.86946944571378, 16
2092, 143.675967267564, 16
2093, 145.53153382626925, 16
2094, 145.4493168049845, 16
2095, 144.90109008888348, 16
2096, 142.89407752606087, 16
2097, 142.15345442234326, 16
2098, 142.22813088263928, 16
2099, 142.24836479002144, 16
2100, 144.63466205112613, 16
2101, 145.216624507184, 16
2102, 146.49195390619863, 17
2103, 145.96236461282774, 17
2104, 146.44696649252722, 17
2105, 148.88489902865157, 17
2106, 148.35908061484324, 17
2107, 149.58287686385523, 17
2108, 149.43516442425914, 17
2109, 150.07698303221073, 17
2110, 145.33001540601742, 16
2111, 147.7810665309777, 16
2112, 147.1702765111315, 16
2113, 146.4961720254937, 16
2114, 145.62097881904273, 16
2115, 145.8892936013618, 16
2116, 146.25212857027716, 16
2117, 146.3278711332904, 16
2118, 148.2084795550551, 16
2119, 148.49619952213675, 16
2120, 147.6628523596458, 16
2121, 147.42200366656536, 16
2122, 146.67703812906797, 16
2123, 146.0118462978676, 16
2124, 145.4657135447555, 16
2125, 145.49408960998088, 16
2126, 146.2669546157059, 16
2127, 145.7344924264664, 16
2128, 145.73484561627012, 16
2129, 147.0145962837308, 16
2130, 146.4157691137124, 16
2131, 146.44708074825613, 16
2132, 146.4151009993972, 16
2133, 146.81237623395256, 16
2134, 146.74170743940272, 16
2135, 146.16252658850553, 16
2136, 146.89212291810418, 16
2137, 146.52682560879234, 16
2138, 144.91818572679153, 16
2139, 144.46276949998094, 16
2140, 147.24602696380737, 16
2141, 147.9139909504632, 16
2142, 147.87823924734005, 16
2143, 150.56421024497746, 16
2144, 151.22633104525804, 16
2145, 150.3899879323651, 16
2146, 151.22581218562738, 16
2147, 151.14926089140906, 16
2148, 150.60711685318608, 16
2149, 149.37395275574463, 16
2150, 150.40957472256343, 16
2151, 154.4804665211613, 17
2152, 154.00987019974838, 17
2153, 153.8355782261085, 17
2154, 155.05688568847648, 17
2155, 154.2574274026333, 17
2156, 153.20286905359094, 17
2157, 153.63988553340343, 17
2158, 153.59250804248285, 17
2159, 153.62214084663793, 17
2160, 152.9152809824599, 17
2161, 152.98040130130516, 17
2162, 152.23719897662974, 17
2163, 149.49804978145295, 17
2164, 148.76123094587578, 17
2165, 145.619586508013, 17
2166, 145.6304032879615, 17
2167, 145.56853234293595, 17
2168, 146.09463587206682, 17
2169, 146.8320889290898, 17
2170, 147.52414455638797, 17
2171, 147.65720716160556, 17
2172, 147.4529980759792, 17
2173, 147.93836808312125, 17
2174, 148.90106710216938, 17
2175, 148.3574496952762, 17
2176, 148.30710919072513, 17
2177, 144.4917150033823, 16
2178, 142.98761624706316, 16
2179, 142.50938210131073, 16
2180, 142.51668350369573, 16
2181, 141.77944413271007, 16
2182, 141.52751969015435, 16
2183, 140.97431010983058, 16
2184, 140.80890491778587, 16
2185, 140.6812323632521, 16
2186, 139.52421105995813, 16
2187, 142.13245938978906, 16
2188, 142.31750858069722, 16
2189, 141.82027143554063, 16
2190, 138.88774436576836, 16
2191, 138.8307066837551, 16
2192, 138.706094102487, 16
2193, 138.85173043720243, 16
2194, 139.40502485334304, 16
2195, 139.41585594373458, 16
2196, 139.32013668867967, 16
2197, 138.18779788962053, 16
2198, 138.0800835578341, 16
2199, 138.5467690561498, 16
2200, 138.31714533952157, 16
2201, 139.29621084675244, 16
2202, 139.19720920708374, 16
2203, 137.99203414801036, 16
2204, 139.82254691483973, 16
2205, 138.59584886194432, 16
2206, 138.3200294598024, 16
2207, 139.63093727905664, 16
2208, 144.01673758110593, 16
2209, 143.43031248483203, 16
2210, 143.4380275702478, 16
2211, 143.35333530971172, 16
2212, 143.96049670407206, 16
2213, 142.77880455436895, 16
2214, 146.2612075828127, 16
2215, 147.11865675861912, 17
2216, 146.68508678576916, 17
2217, 147.28963687972094, 17
2218, 146.28896888533063, 17
2219, 146.1375089218218, 17
2220, 146.0130200044942, 17
2221, 146.1284559540586, 17
2222, 144.53133411541324, 17
2223, 144.745302790231, 17
2224, 145.4688147150619, 17
2225, 144.9921132842053, 17
2226, 143.99121537173522, 17
2227, 145.37102391276244, 17
2228, 146.39960351563002, 17
2229, 146.41281587249614, 17
2230, 146.0051377005487, 17
2231, 145.24186855604046, 17
2232, 146.1447119266494, 17
2233, 142.35205976214104, 17
2234, 141.73132696866776, 17
2235, 142.16015939351047, 17
2236, 143.18549469059383, 17
2237, 142.4800680452468, 17
2238, 143.6150383017603, 17
2239, 144.07615724241361, 17
2240, 144.09291483763008, 17
2241, 143.4540090588656, 17
2242, 143.44892898864862, 17
2243, 142.95989242087137, 17
2244, 139.66456340008693, 17
2245, 140.21929076620944, 17
2246, 139.9749366504442, 17
2247, 139.46506581715943, 17
2248, 138.45538550103515, 17
2249, 138.38766416010418, 17
2250, 139.33763864282497, 17
2251, 138.49082139228074, 17
2252, 138.46914433477275, 17
2253, 137.93242455070776, 17
2254, 137.9193915769772, 17
2255, 137.77788856896115, 17
2256, 136.92351487577372, 17
2257, 136.91699577653134, 17
2258, 136.47010861412787, 17
2259, 137.48315009258494, 17
2260, 135.8677332169757, 17
2261, 137.0605347665641, 17
2262, 136.36010037574414, 17
2263, 136.8826080385307, 17
2264, 137.22218692114387, 17
2265, 137.1118127396503, 17
2266, 137.21575482932946, 17
2267, 137.1782567405163, 17
2268, 137.96729051894323, 17
2269, 137.53912087230918, 17
2270, 136.4172624788839, 17
2271, 141.66358082634366, 17
2272, 142.0490720642137, 17
2273, 142.11870511535346, 17
2274, 142.6331492985302, 17
2275, 146.65979394617756, 17
2276, 147.2392118728646, 17
2277, 148.45246701619328, 17
2278, 145.39786635648204, 17
2279, 144.63086032086977, 17
2280, 145.60583173498168, 17
2281, 144.88445151404034, 17
2282, 145.57292334206272, 17
2283, 145.68697639796216, 17
2284, 145.99663039532885, 17
2285, 145.94332157386907, 17
2286, 144.85855859656857, 17
2287, 144.50706347075345, 17
2288, 147.07562510132846, 17
2289, 149.0955068390009, 18
2290, 148.89885924237586, 18
2291, 152.34375733257315, 18
2292, 153.78188562091793, 18
2293, 156.5740059152523, 19
2294, 157.2946027029665, 19
2295, 156.41620530584493, 19
2296, 161.06565011721392, 20
2297, 167.13005881782652, 20
2298, 162.71315248873702, 20
2299, 166.26994590273785, 20
2300, 166.293707724885, 20
2301, 167.8586536943335, 20
2302, 167.8610980575872, 20
2303, 163.94212713152865, 20
2304, 159.96698896358558, 20
2305, 161.55879970354547, 20
2306, 165.10743670833176, 20
2307, 164.79265559844964, 20
2308, 165.30928970550872, 20
2309, 166.82615811258378, 20
2310, 166.30608330800843, 20
2311, 167.37239014239108, 21
2312, 166.8394935792925, 21
2313, 173.9814634491291, 21
2314, 173.9934773310918, 21
2315, 173.15135109123102, 21
2316, 175.45455408742924, 21
2317, 178.27663534841057, 21
2318, 178.14587452567838, 21
2319, 186.25175611303197, 21
2320, 189.436863307973, 21
2321, 189.48519513457111, 21
2322, 189.5674606706319, 21
2323, 185.59070436577682, 21
2324, 184.62278795879914, 21
2325, 186.02771573762692, 21
2326, 186.16104428070543, 21
2327, 189.38916604909994, 21
2328, 189.4669934822596, 21
2329, 189.72567364420757, 21
2330, 190.06138920159228, 21
2331, 190.22686613009782, 21
2332, 190.30024349613035, 21
2333, 189.54138184667966, 21
2334, 190.13582045001618, 21
2335, 187.1189288123737, 21
2336, 174.3626926630189, 20
2337, 171.3057693553499, 20
2338, 171.15697543835194, 20
2339, 170.58150424344439, 20
2340, 171.18909096820505, 20
2341, 171.20206858603277, 20
2342, 169.9037176352276, 20
2343, 170.88624817600197, 20
2344, 169.72678117921677, 20
2345, 169.9148072502609, 20
2346, 169.62564384358316, 20
2347, 167.29122531197976, 20
2348, 166.0901986685071, 20
2349, 168.11026213129634, 20
2350, 169.51518022635506, 20
2351, 168.7442910243935, 20
2352, 170.27246963163773, 20
2353, 171.3532276320703, 20
2354, 170.19635376329612, 20
2355, 169.38966423490908, 20
2356, 170.50583361590319, 20
2357, 169.89302069785154, 20
2358, 170.64092349392558, 20
2359, 170.58262248653443, 20
2360, 169.83311694675612, 20
2361, 170.6088004890774, 20
2362, 174.2011556800508, 21
2363, 173.7291366827743, 21
2364, 173.15795239838934, 21
2365, 170.22797344243125, 21
2366, 172.59812862326314, 21
2367, 171.97450870424265, 21
2368, 172.00032263869738, 21
2369, 176.71908677324612, 21
2370, 179.239729656508, 21
2371, 179.20751835599273, 21
2372, 175.6521296774886, 21
2373, 174.66108039077608, 21
2374, 171.81408321340325, 21
2375, 172.92293505827973, 21
2376, 169.5671770568691, 21
2377, 169.51811466964634, 21
2378, 169.4922975687166, 21
2379, 169.96190004013076, 21
2380, 170.37825745689722, 21
2381, 172.20985218215927, 21
2382, 172.3873730059362, 21
2383, 169.60445334897196, 21
2384, 169.02274677137083, 21
2385, 170.01354279388673, 21
2386, 172.39947112675637, 21
2387, 172.2461830478166, 21
2388, 172.31745387769558, 21
2389, 174.16673865436553, 21
2390, 173.68938537641804, 21
2391, 176.05139831864284, 21
2392, 175.01436057905337, 21
2393, 175.9229930649655, 21
2394, 175.0554925982171, 21
2395, 175.7879002472388, 21
2396, 176.09454760518702, 21
2397, 176.42352810779528, 21
2398, 174.96146186708268, 21
2399, 178.15256614497784, 21
2400, 178.73948832587402, 21
2401, 177.06018239078887, 21
2402, 178.23438316180412, 21
2403, 179.9128601203316, 21
2404, 178.8501729652324, 21
2405, 174.41917180217163, 21
2406, 174.3207784585214, 21
2407, 173.91800371017797, 21
2408, 174.31916031372475, 21
2409, 176.04175721542367, 21
2410, 176.42613315113525, 21
2411, 176.614132858531, 21
2412, 174.24306933702468, 21
2413, 173.50688658107006, 21
2414, 175.12249904123235, 21
2415, 175.0154880787058, 21
2416, 174.50070497776363, 21
2417, 174.57830783443683, 21
2418, 175.00000204748616, 21
2419, 172.8486074416451, 21
2420, 175.20287311146018, 21
2421, 167.97019428847716, 21
2422, 168.2457701837613, 21
2423, 167.94354080545565, 21
2424, 165.22699618099008, 21
2425, 164.58857033158594, 21
2426, 164.05232252044297, 21
2427, 165.70590152849744, 21
2428, 165.5593586460995, 21
2429, 166.9699446079643, 21
2430, 169.49202681670815, 21
2431, 169.18592575859634, 21
2432, 168.43148355566743, 21
2433, 169.3852749594002, 21
2434, 171.83467008415028, 21
2435, 171.86364982388358, 21
2436, 171.32745155165554, 21
2437, 171.1312294797935, 21
2438, 171.77524306749845, 21
2439, 172.11890719509597, 21
2440, 173.7263549833381, 21
2441, 174.78843994889098, 21
2442, 175.72051241468415, 21
2443, 175.1912515614571, 21
2444, 174.6783448199089, 21
2445, 174.03972766304418, 21
2446, 174.00138618571006, 21
2447, 173.48292369656227, 21
2448, 174.56917379142456, 21
2449, 174.1269611026299, 21
2450, 174.42207222374873, 21
2451, 177.17661050964998, 21
2452, 176.6716785844191, 21
2453, 176.80511783534823, 21
2454, 176.76537875694373, 21
2455, 176.2245125983127, 21
2456, 176.92145802599887, 21
2457, 176.69730012596818, 21
2458, 177.14787412114305, 21
2459, 177.62458517988577, 21
2460, 177.15213143416904, 21
2461, 178.23351902037635, 21
2462, 178.72904159472094, 21
2463, 178.77331665351008, 21
2464, 183.52713772404766, 22
2465, 184.0163039773421, 22
2466, 185.0440105275378, 22
2467, 185.44195840410154, 22
2468, 187.01213224849553, 22
2469, 193.01040578923255, 22
2470, 193.74407337480346, 22
2471, 191.82678521107928, 22
2472, 191.48487789355215, 22
2473, 190.13335144522972, 22
2474, 190.8720613054099, 22
2475, 189.76382093393147, 22
2476, 194.2551245901634, 23
2477, 194.754428462474, 23
2478, 194.9873119383972, 23
2479, 195.03798989398993, 23
2480, 194.63470609923124, 23
2481, 194.85757415957258, 23
2482, 194.8730560684468, 23
2483, 192.82455899532883, 23
2484, 197.4427313787862, 23
2485, 198.76126385416924, 23
2486, 199.288515313852, 23
2487, 199.88028758193738, 23
2488, 200.4230465858674, 23
2489, 200.3611421123907, 23
2490, 197.86353973682344, 23
2491, 197.50682385588547, 23
2492, 197.35492696478548, 23
2493, 199.30683898541199, 23
2494, 194.5224619348107, 23
2495, 193.34198105963785, 23
2496, 193.347447437687, 23
2497, 190.02342499352048, 23
2498, 196.3716335359919, 23
2499, 196.37231164671184, 23
2500, 196.4450722979287, 23
2501, 195.489973844474, 23
2502, 195.51948430814613, 23
2503, 195.36454196355496, 23
2504, 195.63479092147938, 23
2505, 194.53729410141855, 23
2506, 194.3849694157798, 23
2507, 197.0690397347524, 23
2508, 197.65975746475905, 23
2509, 199.44135033386905, 23
2510, 199.98880572704965, 23
2511, 202.13608567746704, 23
2512, 202.82491777467177, 23
2513, 202.6389701724784, 23
2514, 202.34788732163034, 23
2515, 202.32366612432278, 23
2516, 202.25001007359728, 23
2517, 201.2950672913619, 23
2518, 201.1546365074574, 23
2519, 199.0201007329484, 23
2520, 199.12422551637368, 23
2521, 200.4332984397045, 23
2522, 200.34329304435633, 23
2523, 200.41088360725374, 23
2524, 200.62102035141564, 23
2525, 200.50193113579402, 23
2526, 199.9127517217813, 23
2527, 200.00088745087376, 23
2528, 200.93721369433487, 23
2529, 200.27219504554128, 23
2530, 200.32816973222353, 23
2531, 199.65338586017864, 23
2532, 199.59888019810077, 23
2533, 200.1850455142867, 23
2534, 200.05417065585132, 23
2535, 199.61265981713413, 23
2536, 199.56026379206386, 23
2537, 203.4974023745493, 23
2538, 203.27967178741707, 23
2539, 203.2045715775499, 23
2540, 203.37863581244764, 23
2541, 203.19590566052804, 23
2542, 205.6151056825715, 23
2543, 207.64309777314557, 23
2544, 207.79013141579972, 23
2545, 204.47821052873064, 23
2546, 203.73565917288647, 23
2547, 204.24797901711798, 23
2548, 204.4686639722432, 23
2549, 203.1352684109656, 23
2550, 202.6255118018285, 23
2551, 203.71333309736792, 23
2552, 204.15087196642205, 23
2553, 204.13459270500303, 23
2554, 204.19313506394874, 23
2555, 203.2968933947601, 23
2556, 203.70039781043255, 23
2557, 200.8025332165369, 23
2558, 200.85487052574737, 23
2559, 201.23143985617, 23
2560, 202.13772739330483, 23
2561, 201.6727799101552, 23
2562, 203.26422047911663, 23
2563, 205.09273797945022, 23
2564, 203.43281997726012, 23
2565, 200.05657461338905, 23
2566, 199.4768619188233, 23
2567, 196.87478365354252, 23
2568, 197.41074210960917, 23
2569, 197.98710440998232, 23
2570, 197.54717019939633, 23
2571, 197.06018958040207, 23
2572, 197.29075092696766, 23
2573, 197.47147494642306, 23
2574, 194.80897441110872, 23
2575, 194.558901739746, 23
2576, 194.9458638953011, 23
2577, 194.2298849651318, 23
2578, 193.65711027503883, 23
2579, 190.3971407176471, 23
2580, 187.75033867948596, 23
2581, 187.88814324667675, 23
2582, 189.55414269404093, 23
2583, 189.58490006392694, 23
2584, 188.66071272863772, 23
2585, 188.7255719292467, 23
2586, 189.13176707456296, 23
2587, 189.88403080202647, 23
2588, 192.4927143109242, 23
2589, 191.910541576253, 23
2590, 191.53189624448163, 23
2591, 191.14407312671705, 23
2592, 191.65318885504635, 23
2593, 191.95468226319448, 23
2594, 192.41584616066072, 23
2595, 192.94178392051313, 23
2596, 193.771255167385, 23
2597, 195.46536789973834, 23
2598, 195.4567063671865, 23
2599, 196.4178682122974, 23
2600, 196.72620248774766, 23
2601, 197.22482819548546, 23
2602, 196.67619533264968, 23
2603, 196.82652463797896, 23
2604, 196.324615725141, 23
2605, 198.96307763442957, 23
2606, 200.54217963068575, 23
2607, 198.86348717418795, 23
2608, 200.0305926899428, 23
2609, 199.94548668687625, 23
2610, 198.50532462845425, 23
2611, 199.50819246507413, 23
2612, 198.82480648797232, 23
2613, 198.18443782297325, 23
2614, 199.18140367235137, 23
2615, 201.51790347518002, 23
2616, 202.67740338637367, 23
2617, 202.0423876180172, 23
2618, 202.49181026528944, 23
2619, 202.4990229111308, 23
2620, 202.1017488360588, 23
2621, 203.01808273405896, 23
2622, 204.2794890084033, 23
2623, 206.34627234120234, 23
2624, 205.76895943621568, 23
2625, 206.005749384142, 23
2626, 205.40239296604156, 23
2627, 206.00276811907224, 23
2628, 205.91630682351723, 23
2629, 205.33283557574683, 23
2630, 204.0153696533797, 23
2631, 203.5717429730518, 23
2632, 203.37969858598444, 23
2633, 202.90105883765332, 23
2634, 202.55226566597506, 23
2635, 203.10510727003833, 23
2636, 203.51208395415165, 23
2637, 205.50814912530333, 23
2638, 204.83831331350527, 23
2639, 206.3570783271321, 23
2640, 205.72474236078207, 23
2641, 204.7132074981588, 23
2642, 205.20206826136547, 23
2643, 206.34853786054853, 23
2644, 205.10996425239438, 23
2645, 204.54990962756017, 23
2646, 203.24922243306446, 24
2647, 203.34471766927624, 24
2648, 203.82159851627756, 24
2649, 203.56048024249188, 24
2650, 203.9366818945361, 24
2651, 204.62017955584378, 24
2652, 204.56753927182618, 24
2653, 204.623426648872, 24
2654, 203.60946923545828, 24
2655, 192.29680015114621, 24
2656, 192.79546391743463, 24
2657, 193.29456851038805, 24
2658, 192.6735552364745, 24
2659, 193.5003296387192, 24
2660, 192.67691877723826, 24
2661, 192.50346859741927, 24
2662, 191.33557412914365, 24
2663, 191.41527182597125, 24
2664, 191.6467601574402, 24
2665, 191.99998868428278, 24
2666, 192.71571675309747, 24
2667, 192.0765537775397, 24
2668, 190.63959496994545, 24
2669, 191.40186292241668, 24
2670, 185.0364757874044, 23
2671, 185.98159515183713, 23
2672, 186.5377164673483, 23
2673, 183.03263762349943, 23
2674, 182.77771447044444, 23
2675, 184.42967452220677, 22
2676, 185.37743357582576, 22
2677, 184.39196357543742, 22
2678, 184.36902806719624, 22
2679, 187.80529807968188, 23
2680, 186.87145503937106, 23
2681, 186.93115532009526, 23
2682, 186.85111973893927, 23
2683, 186.30197447598658, 23
2684, 186.82737207932743, 23
2685, 187.22394129916378, 23
2686, 187.64426853018247, 23
2687, 187.53178438330076, 23
2688, 187.8693024907768, 23
2689, 187.3482907688415, 23
2690, 187.28341781624093, 23
2691, 186.99714655576165, 23
2692, 186.9845595455087, 23
2693, 187.33552633576338, 23
2694, 187.46609295246716, 23
2695, 187.13757959714152, 23
2696, 186.6070303580862, 23
2697, 189.09894700941854, 23
2698, 188.6160606137225, 23
2699, 187.60749363266095, 23
2700, 188.47532797369493, 23
2701, 187.483360644003, 23
2702, 185.13116822701878, 23
2703, 185.493974174688, 23
2704, 185.67714109751168, 23
2705, 186.13558237747512, 23
2706, 188.55622351035836, 23
2707, 188.41058502637784, 23
2708, 188.486835219381, 23
2709, 188.25398605752173, 23
2710, 188.13994687164708, 23
2711, 188.19347085633777, 23
2712, 188.87543087958866, 23
2713, 188.91802259234632, 23
2714, 189.19042396550896, 23
2715, 189.2490478669289, 23
2716, 189.62493429010215, 23
2717, 190.017148209818, 23
2718, 184.97100050827922, 22
2719, 185.41842964146738, 22
2720, 186.78926740379185, 23
2721, 186.86616059801497, 23
2722, 185.79747137994923, 23
2723, 180.80923220588335, 22
2724, 180.0918114962285, 22
2725, 179.49993942405592, 22
2726, 179.4213509700774, 22
2727, 178.38436128368397, 22
2728, 178.9874308012595, 22
2729, 177.534205302219, 22
2730, 177.8844374522032, 22
2731, 177.83630818582765, 22
2732, 178.20449151673796, 22
2733, 177.63652809891437, 22
2734, 177.2925046870294, 22
2735, 177.69179805848, 22
2736, 178.174436203989, 22
2737, 177.14157030692348, 22
2738, 177.12805197213356, 22
2739, 179.24340160258242, 22
2740, 177.62480318340295, 22
2741, 177.14040169651673, 22
2742, 174.72420550148604, 22
2743, 172.51865797836678, 22
2744, 173.2254748752785, 22
2745, 172.9730955026962, 22
2746, 172.90446296140348, 22
2747, 172.8507932454418, 22
2748, 173.2570963487043, 22
2749, 173.37919847956692, 22
2750, 172.63277093765691, 22
2751, 171.69560893944146, 22
2752, 175.57478955510442, 23
2753, 175.22376186053202, 23
2754, 177.7552727912162, 23
2755, 180.22889903253457, 23
2756, 182.89885901165496, 23
2757, 182.92587216372755, 23
2758, 181.47219818981142, 23
2759, 181.36219984274464, 23
2760, 181.03579363707365, 23
2761, 180.47638128996886, 23
2762, 181.735247561822, 23
2763, 181.35792709414176, 23
2764, 180.93931499346832, 23
