0, 0, 2
1, 0, 2
2, 0, 2
3, 0, 2
4, 0, 2
5, 0, 2
6, 0, 2
7, 0, 2
8, 0, 2
9, 1.3862943611198906, 2
10, 1.3862943611198906, 2
11, 4.394449154672439, 2
12, 4.394449154672439, 2
13, 4.394449154672439, 2
14, 4.394449154672439, 2
15, 4.394449154672439, 2
16, 4.394449154672439, 2
17, 4.394449154672439, 2
18, 6.356940820466324, 2
19, 24.671589730491064, 2
20, 16.71350218490831, 2
21, 10.403644970523906, 2
22, 8.801381235639983, 2
23, 1.5023420413526454, 2
24, 4.55178341432137, 2
25, 6.7983283020785965, 2
26, 2.0622077671522465, 2
27, 2.629378211732729, 2
28, 3.6319364772858225, 2
29, 10.512312756992324, 2
30, 0.0975803283388641, 2
31, 4.189302273918799, 2
32, 3.6453148619607796, 2
33, 4.431169869741776, 2
34, 0.7529699972217802, 2
35, 2.0504727300680767, 2
36, 1.4233412241517058, 2
37, 3.8844522105150983, 2
38, 4.284663652673822, 2
39, 4.09107487168862, 2
40, 4.853517945775563, 2
41, 4.298866863946039, 2
42, 14.673627969100686, 2
43, 3.9882047220632373, 2
44, 3.7229273543106043, 2
45, 2.5671457986036055, 2
46, 2.5832283068767903, 2
47, 4.518866091953479, 2
48, 4.432475969706583, 2
49, 2.991417373287296, 2
50, 3.1904318426920804, 2
51, 5.568488306681871, 2
52, 5.359257777187985, 2
53, 5.211537564636039, 2
54, 6.804247573301015, 2
55, 15.54499237488098, 3
56, 13.897843996355505, 3
57, 13.106262575665218, 3
58, 12.233587335410451, 3
59, 12.113946975724344, 3
60, 11.538160203039185, 3
61, 12.096313984918769, 3
62, 12.09082394455431, 3
63, 11.518780187294562, 3
64, 13.625893869659299, 3
65, 14.038555797846412, 3
66, 14.074038326897051, 3
67, 14.053188478857964, 3
68, 13.73169366772131, 3
69, 13.826403097822242, 3
70, 13.792570947551896, 3
71, 13.884322994811695, 3
72, 13.814399293795601, 3
73, 13.022847481662124, 3
74, 13.2241086507858, 3
75, 13.046140450605575, 3
76, 13.160756731672555, 3
77, 13.164788417404209, 3
78, 13.129674419812845, 3
79, 13.051989068260786, 3
80, 11.34662400737841, 3
81, 11.130724068863813, 3
82, 11.288795107297075, 3
83, 11.262451800405005, 3
84, 11.231947428384977, 3
85, 11.135357208582546, 3
86, 12.501916662696628, 3
87, 12.601788707033652, 3
88, 12.409359129589825, 3
89, 12.349425727471933, 3
90, 12.365890369413528, 3
91, 10.95867674774552, 3
92, 10.940936294545242, 3
93, 10.965324778105906, 3
94, 10.962920647348783, 3
95, 12.207804348392154, 3
96, 12.147005780315244, 3
97, 12.187250949028126, 3
98, 12.147321335112936, 3
99, 12.138457657855794, 3
100, 13.691061366622215, 3
101, 13.801141457087553, 3
102, 14.918305408055058, 3
103, 13.700159571065662, 3
104, 13.713426902597956, 3
105, 11.873605236214617, 3
106, 11.887086071951614, 3
107, 11.8623649163157, 3
108, 11.787512989216026, 3
109, 11.872721736851856, 3
110, 11.829814613696078, 3
111, 11.817648242733393, 3
112, 11.813294356175698, 3
113, 11.8177067615792, 3
114, 11.77365023780804, 3
115, 11.863699334929631, 3
116, 11.819363030523439, 3
117, 11.843654204011154, 3
118, 11.832589805883664, 3
119, 11.703102118881603, 3
120, 10.595416462891084, 3
121, 10.469201533488336, 3
122, 10.532165687500989, 3
123, 10.582527382973444, 3
124, 11.578605784236652, 3
125, 11.418158674277953, 3
126, 11.361748117713114, 3
127, 11.405324155707643, 3
128, 11.39258393846296, 3
129, 11.718385805620857, 3
130, 11.379759271855594, 3
131, 11.637808521674401, 3
132, 11.348853748815046, 3
133, 11.356043875857296, 3
134, 11.375756957457781, 3
135, 11.666959769693666, 3
136, 11.374223849668248, 3
137, 11.362175756509437, 3
138, 10.469888352653937, 3
139, 10.44359165954204, 3
140, 10.402941174174124, 3
141, 10.426129441170263, 3
142, 10.451920811526389, 3
143, 10.412878294587173, 3
144, 10.411209974491035, 3
145, 11.257927020167552, 3
146, 11.252623383174054, 3
147, 11.247072645956363, 3
148, 11.228035815416058, 3
149, 11.282767028957776, 3
150, 11.174979905853457, 3
151, 11.18307914472849, 3
152, 11.205523172446934, 3
153, 11.189593877190907, 3
154, 10.376284468486725, 3
155, 10.213890708091114, 3
156, 5.8779400867190335, 3
157, 5.876938926733894, 3
158, 6.0015914812494335, 3
159, 5.956582204474839, 3
160, 6.294616805573365, 3
161, 6.101560148199879, 3
162, 6.018183481694499, 3
163, 6.077171494705866, 3
164, 6.321479786967682, 3
165, 5.954202200558042, 3
166, 5.8556038600752895, 3
167, 6.223084259031025, 3
168, 5.881802297016292, 3
169, 6.055576785166774, 3
170, 8.320630329323599, 3
171, 8.089401419096644, 3
172, 11.941325406127334, 3
173, 11.957236722379562, 3
174, 11.951013442421493, 3
175, 11.928726592752337, 3
176, 11.923282623228525, 3
177, 12.183609134555963, 3
178, 12.137626061438151, 3
179, 11.083729228269785, 3
180, 11.076819146307813, 3
181, 11.07734291526287, 3
182, 10.971758170017829, 3
183, 11.07147223000044, 3
184, 11.094572544546788, 3
185, 11.071174384139528, 3
186, 11.070353834049985, 3
187, 11.075671864656199, 3
188, 11.03980493572052, 3
189, 11.05978009526849, 3
190, 11.077241026108304, 3
191, 11.786753879627915, 3
192, 11.805944992090714, 3
193, 12.017075669256316, 3
194, 12.013580346490638, 3
195, 12.004728246163667, 3
196, 11.97978965399456, 3
197, 11.946213888377972, 3
198, 12.963541190474107, 3
199, 12.97352581188774, 3
200, 11.922638067980948, 3
201, 11.947017920169463, 3
202, 11.915413061689403, 3
203, 11.905974554644425, 3
204, 11.925218067496003, 3
205, 11.711521793866048, 3
206, 11.892464220403054, 3
207, 11.903277819742181, 3
208, 11.918716546730467, 3
209, 11.861450807035025, 3
210, 11.861422134269773, 3
211, 11.855006384207783, 3
212, 11.851058190930614, 3
213, 11.671071677438746, 3
214, 11.68694618631234, 3
215, 11.68173977569631, 3
216, 11.843850716115933, 3
217, 11.838880579651953, 3
218, 11.841050147077715, 3
219, 11.846575980916363, 3
220, 8.761567200420673, 2
221, 8.75917356665872, 2
222, 10.540753039074078, 3
223, 10.550385168760146, 3
224, 10.400112828508904, 3
225, 10.53844720856237, 3
226, 10.543402693139328, 3
227, 10.531519187740225, 3
228, 10.513502634609036, 3
229, 10.533317357633951, 3
230, 9.606116991916243, 3
231, 6.442502856447678, 3
232, 6.470819286531654, 3
233, 6.512136327604335, 3
234, 6.468973461267661, 3
235, 8.744132588012974, 3
236, 8.73532760178447, 3
237, 9.46276506953968, 3
238, 8.735957942812933, 3
239, 9.407333713715479, 3
240, 9.422690207573517, 3
241, 9.393559658772444, 3
242, 9.378750947394078, 3
243, 9.366125537693902, 3
244, 9.36513747845372, 3
245, 9.36222091545493, 3
246, 9.36849880296498, 3
247, 9.366497059086283, 3
248, 9.363517424159138, 3
249, 9.374761322928213, 3
250, 9.365795108761887, 3
251, 9.369019468743383, 3
252, 9.353658265410282, 3
253, 9.498886035637067, 3
254, 9.470333773011319, 3
255, 9.473958158574142, 3
256, 9.494600209357431, 3
257, 9.473590073843654, 3
258, 9.46108810430908, 3
259, 9.4604922272797, 3
260, 9.479309639548482, 3
261, 10.199575821573678, 3
262, 10.183207806897617, 3
263, 10.235144079420841, 3
264, 10.216051630880862, 3
265, 10.239604198198306, 3
266, 6.965346229773538, 2
267, 6.443357768606682, 2
268, 5.0126176483922595, 2
269, 4.377367914534651, 2
270, 4.583034704100929, 2
271, 4.3939113367260765, 2
272, 4.943257487786081, 2
273, 4.445168389149855, 2
274, 4.765844933128989, 2
275, 4.7711834229607835, 2
276, 4.39879738948526, 2
277, 4.3887135441382705, 2
278, 4.801620582187229, 2
279, 4.362172975639369, 2
280, 4.3925325510085855, 2
281, 4.3591186391256835, 2
282, 4.339142251700409, 2
283, 4.342066443276248, 2
284, 7.108246761995882, 2
285, 7.144097074129496, 2
286, 7.099395483017426, 2
287, 7.264688231195132, 2
288, 7.132588828308286, 2
289, 7.135238354275193, 2
290, 7.0851086445075575, 2
291, 7.135094516630398, 2
292, 3.841322898051578, 2
293, 3.795498137590925, 2
294, 3.851558645669061, 2
295, 3.805761096655323, 2
296, 4.250463953082913, 2
297, 5.470220494162589, 2
298, 5.440250074548078, 2
299, 5.869785417599423, 2
300, 5.862102660564797, 2
301, 6.210517588651937, 2
302, 6.212313287075267, 2
303, 6.252681413588524, 2
304, 6.251168104600385, 2
305, 5.894738938149094, 2
306, 5.467164638203674, 2
307, 5.430629469971415, 2
308, 5.439708754069284, 2
309, 5.4197666091413055, 2
310, 5.429920668456865, 2
311, 5.457906615699935, 2
312, 5.8503390338342935, 2
313, 5.4079950809993145, 2
314, 5.39058959017496, 2
315, 6.4464267556023405, 3
316, 6.7247623712107885, 3
317, 6.1853227883950845, 3
318, 6.277584482640242, 3
319, 6.4404898071556, 3
320, 5.998915379039108, 3
321, 6.174816340298478, 3
322, 6.144109157668866, 3
323, 6.152407091499733, 3
324, 6.073592491795952, 3
325, 6.057021662758937, 3
326, 6.066195592986716, 3
327, 6.0810069185849684, 3
328, 6.101562287880049, 3
329, 6.04720422558453, 3
330, 6.0523602606162274, 3
331, 6.08321760177624, 3
332, 6.059190773602583, 3
333, 6.436805225768846, 3
334, 6.381774944982895, 3
335, 6.440639335297017, 3
336, 6.412002313895327, 3
337, 6.409400973263738, 3
338, 6.396457127181246, 3
339, 6.715272405119739, 3
340, 6.729980287215426, 3
341, 6.7513033308464045, 3
342, 6.377052270541026, 3
343, 6.387919228651404, 3
344, 6.430577105295317, 3
345, 6.70843463804685, 3
346, 6.7044692065876745, 3
347, 6.715412675155508, 3
348, 6.734352323136406, 3
349, 6.725305080068299, 3
350, 6.7059414103544475, 3
351, 6.724847253456418, 3
352, 6.685106783542292, 3
353, 6.691272714653633, 3
354, 6.718378425863031, 3
355, 6.6639152292989765, 3
356, 6.691275542326391, 3
357, 6.391531068168499, 3
358, 6.395015110216491, 3
359, 6.397078498893339, 3
360, 6.384939352342356, 3
361, 6.368617321907854, 3
362, 6.400057949631765, 3
363, 6.66199733725874, 3
364, 6.6380623012906845, 3
365, 6.649577040518326, 3
366, 6.671924338473894, 3
367, 6.653775307955439, 3
368, 6.63785202709907, 3
369, 6.643720257109972, 3
370, 6.64462636873423, 3
371, 6.647383480027555, 3
372, 6.661196758683694, 3
373, 6.661414487660012, 3
374, 6.637700206818105, 3
375, 6.6523751617326665, 3
376, 6.6611507544203326, 3
377, 6.632686214615981, 3
378, 6.658864292457244, 3
379, 6.658906094380038, 3
380, 6.652039137401682, 3
381, 6.662989089036005, 3
382, 6.650542253431663, 3
383, 6.644473084426103, 3
384, 6.634736133178792, 3
385, 6.624936623728185, 3
386, 6.649631117110323, 3
387, 6.64449558299291, 3
388, 6.627532291026435, 3
389, 6.618591206324549, 3
390, 6.623374745290108, 3
391, 6.633220809242037, 3
392, 6.633502812257944, 3
393, 6.636341660702976, 3
394, 6.625273778714939, 3
395, 6.614564457819328, 3
396, 6.631838822345064, 3
397, 6.621436079914066, 3
398, 6.628712023471092, 3
399, 6.614065498272638, 3
400, 6.613016567182243, 3
401, 6.63471837723687, 3
402, 6.630740033048217, 3
403, 6.620488939096842, 3
404, 6.617725326337973, 3
405, 7.356045846750362, 3
406, 7.342293090251448, 3
407, 7.342141929501181, 3
408, 7.350073949620942, 3
409, 7.369752803150523, 3
410, 7.3469042299207565, 3
411, 7.340984089156774, 3
412, 7.341470123783543, 3
413, 7.34796933721349, 3
414, 7.355004292959674, 3
415, 7.344773532504473, 3
416, 7.355799352684999, 3
417, 7.3480558586494675, 3
418, 7.344715313031311, 3
419, 7.349140327329138, 3
420, 7.356000119644177, 3
421, 7.358036867830145, 3
422, 7.340116792323595, 3
423, 7.354022666648128, 3
424, 7.344351434655741, 3
425, 7.339475107923447, 3
426, 7.346802601625588, 3
427, 7.342747335282662, 3
428, 7.340534497306859, 3
429, 7.335116998470443, 3
430, 7.880577112812182, 3
431, 7.880553922166341, 3
432, 7.8873582477501785, 3
433, 7.882888153080124, 3
434, 7.886280637060854, 3
435, 7.882788447534769, 3
436, 7.281583251003311, 2
437, 6.5478779702915215, 2
438, 8.412945959149186, 3
439, 8.41330007784298, 3
440, 8.457590503161061, 3
441, 8.412542885755279, 3
442, 8.447920809852134, 3
443, 8.409464894446852, 3
444, 8.437130463730986, 3
445, 8.410478196213901, 3
446, 8.418370476248766, 3
447, 8.41827378329123, 3
448, 8.432117628661308, 3
449, 8.406020483659155, 3
450, 8.410282481956376, 3
451, 8.409482081477753, 3
452, 8.406226111463207, 3
453, 8.419334271597132, 3
454, 8.41495244481124, 3
455, 8.406198298242392, 3
456, 8.41211649090914, 3
457, 8.419780834950485, 3
458, 8.412062231463715, 3
459, 8.406165249412068, 3
460, 8.418100721777938, 3
461, 8.414605698568195, 3
462, 11.960064536802122, 3
463, 12.347402230210104, 3
464, 12.142509328569933, 3
465, 12.926234698877206, 3
466, 14.635911084992554, 4
467, 15.027793597469078, 4
468, 14.964083404596884, 4
469, 15.811997597325934, 4
470, 18.209810507382013, 4
471, 18.17943317112213, 4
472, 18.299655906858362, 4
473, 15.571244539080773, 4
474, 15.585637289857686, 4
475, 15.617253461725795, 4
476, 15.624861250206, 4
477, 15.706380808689309, 4
478, 15.736775419227714, 4
479, 15.48707026964329, 4
480, 15.618711445237201, 4
481, 15.60067084879049, 4
482, 15.524764988375724, 4
483, 15.50927382697271, 4
484, 15.352393262727393, 4
485, 15.369716271839986, 4
486, 15.34463437058835, 4
487, 15.517903768240327, 4
488, 15.381697148156988, 4
489, 14.097893625230691, 4
490, 14.220243225719933, 4
491, 14.060547304143277, 4
492, 14.436796189570462, 4
493, 14.119083453266715, 4
494, 14.22573616692767, 4
495, 14.16812001944996, 4
496, 14.194920036335006, 4
497, 13.5174925736847, 4
498, 13.383283009240355, 4
499, 14.194967110923965, 4
500, 14.153969222688165, 4
501, 18.62579791056093, 4
502, 19.92693989846607, 4
503, 19.915542222246316, 4
504, 19.90950383025642, 4
505, 19.90848714199643, 4
506, 19.913643503594777, 4
507, 19.88687022581267, 4
508, 27.00639599691626, 5
509, 26.967487941724716, 5
510, 26.972936588857376, 5
511, 26.96190806221887, 5
512, 26.982628909446365, 5
513, 26.99783581193552, 5
514, 26.945660060548494, 5
515, 26.956802536533427, 5
516, 26.97056509060857, 5
517, 26.989389649645357, 5
518, 26.966200127992302, 5
519, 26.975993704039567, 5
520, 26.96916743866248, 5
521, 26.975018731817205, 5
522, 26.97912113082455, 5
523, 26.89273084495482, 5
524, 26.91375589431792, 5
525, 26.918802918702774, 5
526, 26.90914663041711, 5
527, 26.912247877883456, 5
528, 25.9797631628008, 5
529, 25.983170093801707, 5
530, 25.961577133766916, 5
531, 26.838996839995584, 5
532, 26.838604063608447, 5
533, 27.384796426824888, 5
534, 21.722318786024207, 4
535, 21.722657590423196, 4
536, 22.824694166011085, 4
537, 22.81932127291574, 4
538, 21.64152252502133, 4
539, 21.662307847246208, 4
540, 21.66812186606712, 4
541, 21.64437699364056, 4
542, 21.092180957343995, 4
543, 21.602753828358836, 4
544, 22.642042166692022, 4
545, 22.645058599078663, 4
546, 22.64660243956925, 4
547, 21.499649577046743, 4
548, 21.493970985231567, 4
549, 21.489466664051164, 4
550, 24.762122910437547, 4
551, 24.768671734700987, 4
552, 24.76829105281832, 4
553, 24.763292824883386, 4
554, 24.77167925000454, 4
555, 24.34054952465882, 4
556, 22.044548487521524, 4
557, 22.065373545111978, 4
558, 22.056375150415963, 4
559, 20.820973757157283, 4
560, 20.811729199239284, 4
561, 20.83008137193968, 4
562, 20.853619513912978, 4
563, 20.813757107923497, 4
564, 20.67624743767506, 4
565, 19.7310673767294, 4
566, 19.72702744557402, 4
567, 19.74887862620036, 4
568, 19.11080765754723, 4
569, 19.123153502040214, 4
570, 19.09393909549755, 4
571, 19.09150726860605, 4
572, 19.08637133661993, 4
573, 19.08635164833795, 4
574, 19.077088253783412, 4
575, 20.74374254413167, 4
576, 20.74360944713423, 4
577, 19.083776912426263, 4
578, 19.096880598857993, 4
579, 18.206846967131955, 4
580, 18.13522588944579, 4
581, 18.196176356747124, 4
582, 18.19458965807015, 4
583, 19.196807950279275, 4
584, 19.183607367966097, 4
585, 19.191810563443752, 4
586, 19.204083063213794, 4
587, 19.193086374487134, 4
588, 19.195748638701485, 4
589, 19.19405999953055, 4
590, 17.540153683275054, 3
591, 17.547299491457846, 3
592, 17.516725708489574, 3
593, 17.551101279595606, 3
594, 17.522604544725173, 3
595, 17.551972807403573, 3
596, 17.533844311567982, 3
597, 17.488517721747936, 3
598, 17.471104210802125, 3
599, 17.47030075277561, 3
600, 17.542166844741622, 3
601, 17.539426864599587, 3
602, 17.42531145422561, 3
603, 17.50381925506144, 3
604, 17.52720620444617, 3
605, 17.505839761071112, 3
606, 17.497721019778584, 3
607, 17.505845809486985, 3
608, 17.46227861409423, 3
609, 17.467881492603674, 3
610, 22.023187943363666, 5
611, 22.01803693465847, 5
612, 22.034392674622843, 5
613, 21.998463622510535, 5
614, 21.962518513351995, 5
615, 22.025911144044173, 5
616, 22.02291693364881, 5
617, 21.98443237017615, 5
618, 22.012835249262555, 5
619, 21.992953063767658, 5
620, 22.75975699343041, 5
621, 19.097636423073364, 4
622, 18.0845856593798, 4
623, 18.028921681525304, 4
624, 18.02603514826748, 4
625, 18.350635248212345, 4
626, 18.228455745581684, 4
627, 18.407515027293247, 4
628, 17.973516141659655, 4
629, 17.41353069303532, 4
630, 17.93837355284367, 4
631, 17.4094020312399, 4
632, 17.396516439609197, 4
633, 17.60245153726656, 4
634, 23.88312583822054, 4
635, 23.688229096324072, 4
636, 23.83661489893574, 4
637, 23.90263814935521, 4
638, 23.91443174691848, 4
639, 23.632311853034647, 4
640, 24.007567901811356, 4
641, 24.415983890503718, 4
642, 24.86367000970179, 4
643, 25.104006545277205, 4
644, 24.39583973802555, 4
645, 24.82669921918275, 4
646, 24.32734674289286, 4
647, 24.23786941100859, 4
648, 24.50913901105287, 4
649, 25.385917954967873, 4
650, 25.346926155667166, 4
651, 25.443513311248456, 4
652, 25.380182294158413, 4
653, 25.2353944922523, 4
654, 25.211337411662885, 4
655, 25.04803642283568, 4
656, 25.089449606678105, 4
657, 23.53290625664598, 4
658, 24.535032251194213, 4
659, 25.219330010775817, 4
660, 24.448033860874, 4
661, 24.327786091438977, 4
662, 24.24956557090617, 4
663, 24.12044079254883, 4
664, 24.40732809014909, 4
665, 24.466491330435606, 4
666, 23.2612825644326, 4
667, 23.20762708876753, 4
668, 23.99852022494141, 4
669, 24.003382599817222, 4
670, 29.972383549478906, 4
671, 29.963852396974882, 4
672, 29.994024030829866, 4
673, 29.294347786578808, 4
674, 29.660889178006624, 4
675, 30.074756760279616, 4
676, 30.10202790140446, 4
677, 30.981267302563555, 4
678, 31.639496254248417, 4
679, 33.59198170391918, 5
680, 35.30364437532518, 5
681, 35.25976486516688, 5
682, 36.5361568012895, 5
683, 36.51237912507412, 5
684, 35.418701259920496, 5
685, 36.41344656503707, 5
686, 36.47982659817346, 5
687, 36.443986079319664, 5
688, 36.411428413337106, 5
689, 35.25445570729761, 5
690, 35.19808490135168, 5
691, 35.22380166935056, 5
692, 35.208650925392504, 5
693, 37.01596037522077, 5
694, 36.918572127158676, 5
695, 36.94464069094275, 5
696, 36.93244569425854, 5
697, 36.87431917610601, 5
698, 36.04532229923922, 5
699, 35.0381239916322, 5
700, 35.053647650804564, 5
701, 35.05542164475726, 5
702, 35.9343348921274, 5
703, 34.985060026773226, 5
704, 34.95268968168511, 5
705, 34.96550052211233, 5
706, 34.974531601100495, 5
707, 34.99039371252556, 5
708, 35.02450746139573, 5
709, 35.91930284208044, 5
710, 35.874118158235476, 5
711, 35.92830707417183, 5
712, 35.8592637139752, 5
713, 34.92295908963873, 5
714, 34.914526218245165, 5
715, 34.894792543377356, 5
716, 35.64482927274137, 5
717, 35.6242986933672, 5
718, 34.931722922296125, 5
719, 35.61741418140444, 5
720, 35.604629652104364, 5
721, 35.58188577599708, 5
722, 35.59596098272708, 5
723, 34.95247354534891, 5
724, 34.91820869253871, 5
725, 34.92719222555435, 5
726, 34.93683908570374, 5
727, 34.921768462567535, 5
728, 34.80031848828471, 5
729, 34.24823020916984, 5
730, 34.59162114952333, 5
731, 42.08086354837741, 5
732, 41.73760788527836, 5
733, 40.745111402303486, 5
734, 41.06430304590826, 5
735, 41.57347055725033, 5
736, 41.78837541567889, 5
737, 41.462573644874645, 5
738, 42.93753061985694, 5
739, 50.19971101560336, 5
740, 49.88030415042228, 5
741, 50.60006658664901, 5
742, 50.03103009950297, 5
743, 50.06617285147285, 5
744, 50.04168998048736, 5
745, 50.04422183289358, 5
746, 51.50414567897055, 5
747, 49.89740899764129, 5
748, 51.0415105920337, 5
749, 51.009684026091875, 5
750, 52.016374977827866, 5
751, 52.01706915645083, 5
752, 52.04668317879921, 5
753, 52.04367219873059, 5
754, 52.04283281363489, 5
755, 51.622190454999156, 5
756, 51.65249772150521, 5
757, 51.56762344010605, 5
758, 53.04757933424439, 5
759, 54.06348837215303, 5
760, 53.29696445185364, 5
761, 53.30521352077578, 5
762, 52.537530064717316, 5
763, 52.525239115032576, 5
764, 52.5405621006564, 5
765, 52.50653361527344, 5
766, 53.9038808547396, 5
767, 52.44679529075877, 5
768, 52.3998390986218, 5
769, 53.01348600562653, 5
770, 52.943548040948684, 5
771, 52.873106343403286, 5
772, 52.87271505019403, 5
773, 52.90226718179697, 5
774, 52.036181065127266, 5
775, 52.002610829315586, 5
776, 52.01723667891356, 5
777, 52.01717632835009, 5
778, 52.02318441672365, 5
779, 53.95386443842381, 5
780, 53.98753067764247, 5
781, 57.07744063269688, 5
782, 57.10311729854736, 5
783, 57.9856072748411, 5
784, 57.96886839863255, 5
785, 59.81410339278571, 6
786, 59.762662781109015, 6
787, 60.274537000395625, 6
788, 60.83986923817889, 6
789, 61.642056970910275, 6
790, 61.58115594210509, 6
791, 62.029961694056134, 6
792, 62.479015449477515, 6
793, 62.43417866845736, 6
794, 62.11093724853863, 6
795, 62.62436760229881, 6
796, 62.13396320913251, 6
797, 62.37108346119365, 6
798, 70.18529597891978, 6
799, 69.82381663014944, 6
800, 69.82387933205298, 6
801, 70.12787309338862, 6
802, 69.60615746558658, 6
803, 69.94408764513268, 6
804, 70.60674927196355, 6
805, 73.26912047236964, 6
806, 71.68921286603586, 6
807, 70.56063817210898, 6
808, 71.99280352617399, 6
809, 71.80602120839643, 6
810, 71.83474020515581, 6
811, 71.53883867714737, 6
812, 71.57850732148299, 6
813, 74.52361567304908, 7
814, 74.8417899105944, 7
815, 74.29354181063431, 7
816, 74.32716956685007, 7
817, 74.72739157097806, 7
818, 74.46377650263187, 7
819, 82.54018995934698, 7
820, 82.51080091033168, 7
821, 86.06871575687313, 8
822, 86.14931113109714, 8
823, 87.21850220655409, 8
824, 91.4222229649894, 9
825, 92.56292841900532, 9
826, 92.61713358439417, 9
827, 90.73124340159717, 9
828, 90.64131137813092, 9
829, 90.60274441866684, 9
830, 90.6143796868702, 9
831, 91.8682535204959, 9
832, 91.92299318412263, 9
833, 91.94921384589767, 9
834, 93.86712654153598, 9
835, 93.92648534852154, 9
836, 93.904357100811, 9
837, 93.87838799023739, 9
838, 93.91153961332883, 9
839, 93.89726895549968, 9
840, 93.95845239970748, 9
841, 95.48923903418394, 9
842, 95.51571700922142, 9
843, 95.45519554265678, 9
844, 91.67081012808582, 9
845, 90.32928078886836, 9
846, 90.31188413940413, 9
847, 90.21042232406815, 9
848, 91.1677782351332, 9
849, 92.3673488873111, 9
850, 90.8500954595308, 9
851, 92.10046642067564, 9
852, 92.07093507317845, 9
853, 90.53914694269751, 9
854, 90.60737615453715, 9
855, 91.13059227312543, 9
856, 90.15664475289365, 9
857, 91.58214097265474, 9
858, 92.02029591121662, 9
859, 91.78899949220234, 9
860, 92.7186144424876, 9
861, 93.65572839441792, 9
862, 94.85876364149334, 9
863, 95.19873209207407, 9
864, 95.51894998200933, 9
865, 95.17591712900204, 9
866, 94.60608645685119, 9
867, 94.79411474413178, 9
868, 95.32384784489273, 9
869, 93.33572442980764, 9
870, 92.86906917691346, 9
871, 92.67261829838141, 9
872, 92.49216528459377, 9
873, 92.63548335264029, 9
874, 92.54145042994755, 9
875, 92.30929009836059, 9
876, 92.74920639058135, 9
877, 103.6523381616809, 9
878, 105.4503784363674, 9
879, 105.08411879387808, 9
880, 106.2091776556059, 9
881, 105.3481145415732, 9
882, 103.78449460812332, 9
883, 103.54972069027825, 9
884, 103.69864579358408, 9
885, 103.34359542726753, 9
886, 103.48929732055043, 9
887, 103.24219783858089, 9
888, 103.46164455885967, 9
889, 103.49824019906484, 9
890, 103.36038641811894, 9
891, 107.3150638491541, 10
892, 107.73453427977391, 10
893, 107.75858545908223, 10
894, 107.61919653516351, 10
895, 107.22022650239906, 10
896, 107.61281408608883, 10
897, 107.77484120942636, 10
898, 107.4825608226022, 10
899, 107.67272211831269, 10
900, 106.08605954365056, 10
901, 106.16429841723487, 10
902, 104.45647718412425, 10
903, 104.86885373107934, 10
904, 104.88776515871339, 10
905, 106.22870641022038, 10
906, 105.8926688489127, 10
907, 104.26256017582611, 10
908, 104.322084854764, 10
909, 104.59995699696981, 10
910, 104.39603811491207, 10
911, 104.24652051847166, 10
912, 106.43560439533812, 10
913, 106.58350637737752, 10
914, 105.40116415127017, 10
915, 112.63500140051814, 10
916, 112.46830458309681, 10
917, 112.46939644146369, 10
918, 113.53957440475557, 10
919, 113.52280317556978, 10
920, 114.88159529448964, 10
921, 119.86297092479697, 11
922, 119.88299960251639, 11
923, 119.84833528102894, 11
924, 119.88097024410438, 11
925, 119.81995775961133, 11
926, 121.055304849261, 11
927, 119.50154835980649, 11
928, 119.55163181695208, 11
929, 120.75828783486126, 11
930, 124.1652675041883, 11
931, 125.74116196989675, 11
932, 123.57718287643621, 11
933, 123.60051851615388, 11
934, 123.53388007155579, 11
935, 123.63894066978949, 11
936, 130.00621673601657, 12
937, 128.1989820133473, 12
938, 128.20996428791167, 12
939, 128.1971617915857, 12
940, 128.02275566522323, 12
941, 125.10341531630232, 12
942, 125.29717550213348, 12
943, 125.24743414940244, 12
944, 128.20306058182024, 12
945, 126.87289951930336, 12
946, 126.89539370256458, 12
947, 120.18726264675408, 11
948, 121.40468573043326, 11
949, 121.45207210095505, 11
950, 121.41022627924218, 11
951, 122.67589930473085, 11
952, 122.76049083958092, 11
953, 119.37271234641626, 11
954, 119.35512823829964, 11
955, 119.42332201304724, 11
956, 116.45712885328788, 11
957, 116.42797455950551, 11
958, 116.38066953988353, 11
959, 114.10975922092828, 11
960, 114.1376228991522, 11
961, 112.81067800465775, 11
962, 112.8147395138274, 11
963, 111.82896255261464, 11
964, 111.98177766777432, 11
965, 110.60127740842022, 11
966, 110.66210244728002, 11
967, 109.39006698205522, 11
968, 109.42293854942717, 11
969, 109.32595213626193, 11
970, 110.39759972626727, 11
971, 111.17287481515412, 11
972, 111.19068897753142, 11
973, 111.16456244347582, 11
974, 111.1555213073726, 11
975, 111.16793244237202, 11
976, 110.2521197104709, 11
977, 110.29485393631916, 11
978, 110.35502257290914, 11
979, 110.38083135825441, 11
980, 107.45638359151593, 10
981, 106.29604526440582, 10
982, 106.36866151063727, 10
983, 90.6477699908705, 10
984, 90.38574008075794, 10
985, 90.69438244350255, 10
986, 90.67493349901588, 10
987, 90.7039419825693, 10
988, 91.66509828978019, 10
989, 91.72363036030136, 10
990, 90.650744215566, 10
991, 90.39060192817837, 10
992, 90.47156020607387, 10
993, 90.16424265899796, 10
994, 89.08369017903877, 10
995, 88.84923829582814, 10
996, 91.29648892677244, 10
997, 91.50902636911509, 10
998, 91.06940284353355, 10
999, 91.48977685255468, 10
1000, 91.25619318071371, 10
1001, 91.40088429327085, 10
1002, 91.99560500399586, 10
1003, 95.51223323783556, 11
1004, 95.76544454810168, 11
1005, 95.44868698738738, 11
1006, 104.41408483871018, 11
1007, 104.6029812928308, 11
1008, 104.46398231338199, 11
1009, 104.11762284364728, 11
1010, 104.1498393406548, 11
1011, 104.19847060617097, 11
1012, 104.78981865388816, 11
1013, 104.46514594919103, 11
1014, 103.22506301383561, 11
1015, 103.11809035602849, 11
1016, 103.35413431257993, 11
1017, 102.96178465083693, 11
1018, 104.06325570831562, 11
1019, 104.01187404074965, 11
1020, 104.32145308132911, 11
1021, 104.496443090732, 11
1022, 104.11885025803717, 11
1023, 104.24097143000003, 11
1024, 104.25927571446296, 11
1025, 104.31618439488193, 11
1026, 113.61822177758282, 11
1027, 113.47756115407087, 11
1028, 113.4368521903973, 11
1029, 113.2964382071767, 11
1030, 113.29611463048614, 11
1031, 113.1426981426415, 11
1032, 113.15210094868668, 11
1033, 114.56258012136077, 11
1034, 114.47394422855494, 11
1035, 113.07795015914726, 11
1036, 113.30364843550569, 11
1037, 112.1958677402068, 11
1038, 114.39731377144729, 11
1039, 113.98112849466132, 11
1040, 114.0589353212728, 11
1041, 115.02644425196223, 11
1042, 115.7480495131936, 11
1043, 115.11315204741798, 11
1044, 114.9050107968869, 11
1045, 115.14984880598502, 11
1046, 114.7845493222053, 11
1047, 113.39810987188966, 11
1048, 112.66285918439179, 11
1049, 110.90621397310974, 11
1050, 111.82542488049424, 11
1051, 111.8792415708564, 11
1052, 112.37609795969523, 11
1053, 112.18895496640758, 11
1054, 111.8327634241314, 11
1055, 112.10286520417326, 11
1056, 111.09664369850718, 11
1057, 110.77167806913076, 11
1058, 169.16348845992326, 11
1059, 169.55190547541358, 11
1060, 169.64433355780065, 11
1061, 170.57901753400887, 11
1062, 168.9356900731493, 11
1063, 178.4780531381507, 11
1064, 178.2412489031407, 11
1065, 177.48181993973242, 11
1066, 177.2602982471474, 11
1067, 177.34124717933722, 11
1068, 177.40041822887306, 11
1069, 178.44400604337628, 11
1070, 190.43507480564202, 11
1071, 190.2488318935003, 11
1072, 190.67652747491772, 11
1073, 198.93722543862316, 11
1074, 197.9312062536441, 11
1075, 199.20326653803454, 11
1076, 198.61378979922895, 11
1077, 199.8419327130758, 11
1078, 200.7296326107991, 11
1079, 209.49648183173184, 11
1080, 209.3139013428275, 11
1081, 208.81014653083838, 11
1082, 209.65424014512143, 11
1083, 208.14811363868805, 11
1084, 209.13041239307543, 11
1085, 210.15404410290435, 11
1086, 218.6540595498048, 11
1087, 218.04342360635596, 11
1088, 218.25603929888928, 11
1089, 218.25421585121683, 11
1090, 220.03952205390328, 11
1091, 221.94827221938837, 11
1092, 221.80650576817717, 11
1093, 223.27439291099284, 11
1094, 225.01949895802767, 11
1095, 225.0227143791856, 11
1096, 225.25635407491401, 11
1097, 223.80694413294157, 11
1098, 225.30703088055813, 11
1099, 223.5249805814992, 11
1100, 224.04827241521764, 11
1101, 224.23404747593665, 11
1102, 224.24520779653236, 11
1103, 225.80050738745663, 11
1104, 226.69942239428656, 11
1105, 226.16552038093553, 11
1106, 227.22206360664404, 11
1107, 225.25604077496865, 11
1108, 225.87119385527834, 11
1109, 226.04611325594115, 11
1110, 227.38852781373973, 11
1111, 228.81514862809877, 11
1112, 227.37016366075792, 11
1113, 228.29636343407617, 11
1114, 229.54402081777818, 11
1115, 229.68730649736912, 11
1116, 229.41058383328112, 11
1117, 228.622212153728, 11
1118, 231.02210084888023, 11
1119, 233.34837503761327, 12
1120, 234.3575046709163, 12
1121, 234.61307768998046, 12
1122, 233.05291401441107, 12
1123, 234.15934502553995, 12
1124, 233.06376721886113, 12
1125, 227.14424584637047, 11
1126, 226.91190787185104, 11
1127, 227.31346897734525, 11
1128, 227.01046773726895, 11
1129, 227.24479270950116, 11
1130, 228.31382474535636, 11
1131, 227.01813950523692, 11
1132, 226.8891657419619, 11
1133, 226.79888566938743, 11
1134, 226.47275185045066, 11
1135, 226.54244113153575, 11
1136, 227.79263304442614, 11
1137, 228.04852499727053, 11
1138, 227.7477342414609, 11
1139, 228.11983050295046, 11
1140, 225.35647030264536, 11
1141, 225.94918557312897, 11
1142, 225.2087276226171, 11
1143, 225.1395001513996, 11
1144, 224.9889887700515, 11
1145, 223.65686197214822, 11
1146, 224.70294230498888, 11
1147, 221.5798008301008, 10
1148, 221.37203373480685, 10
1149, 221.70127645842638, 10
1150, 218.80428002084685, 10
1151, 221.24433072016566, 10
1152, 219.87013537217325, 10
1153, 220.12959868690055, 10
1154, 221.1125258486635, 10
1155, 220.92133174008995, 10
1156, 220.9506534231284, 10
1157, 222.3895435923838, 11
1158, 222.66947386084848, 11
1159, 221.4412960594076, 11
1160, 222.6877152686083, 11
1161, 220.7083134014509, 11
1162, 219.2167451951274, 11
1163, 222.19192112050746, 11
1164, 223.4743656473093, 11
1165, 223.23049744445743, 11
1166, 223.39144012396235, 11
1167, 221.2771606796094, 11
1168, 224.50529972608132, 11
1169, 222.71612859975176, 11
1170, 223.71893866258492, 11
1171, 223.64744866749743, 11
1172, 223.9716258593082, 11
1173, 237.55348325281858, 11
1174, 237.46059604807408, 11
1175, 237.59651064776554, 11
1176, 237.28600952998542, 11
1177, 236.08513486952538, 11
1178, 238.2998590707139, 11
1179, 239.06965813966823, 11
1180, 242.16702333248762, 12
1181, 242.2235276125729, 12
1182, 242.03090896039194, 12
1183, 241.89792172281616, 12
1184, 242.16716509135182, 12
1185, 243.37275689767577, 12
1186, 240.51123717647513, 12
1187, 240.6241123905534, 12
1188, 241.82929537422646, 12
1189, 240.94500818413573, 12
1190, 240.48967880214158, 12
1191, 230.06483382137915, 12
1192, 230.85898038696288, 12
1193, 232.21945205182047, 12
1194, 234.59900626557257, 12
1195, 234.812372232866, 12
1196, 234.74494244196882, 12
1197, 234.44258902730914, 12
1198, 233.24288469976264, 12
1199, 237.71244646529223, 13
1200, 237.5501484726397, 13
1201, 236.49261533822494, 13
1202, 239.80331603623364, 14
1203, 240.31353741553457, 14
1204, 238.85957658655425, 14
1205, 238.84728699672584, 14
1206, 238.89723256517672, 14
1207, 238.4377251297134, 14
1208, 237.34453479011654, 14
1209, 237.23361954491187, 14
1210, 239.378038461313, 14
1211, 237.99105702991625, 14
1212, 239.37915378549292, 14
1213, 239.2963242695764, 14
1214, 239.32369794599902, 14
1215, 238.17170800167145, 14
1216, 238.25793757075346, 14
1217, 238.21213060461645, 14
1218, 235.50912840739517, 14
1219, 245.36325872066806, 14
1220, 245.28765600113067, 14
1221, 245.3624189552891, 14
1222, 246.76103962234538, 14
1223, 230.1789681763595, 14
1224, 229.00917722602796, 14
1225, 230.02236099841468, 14
1226, 230.1729069716391, 14
1227, 238.24248112060062, 14
1228, 239.66300280176395, 14
1229, 238.01644885950677, 14
1230, 247.50832639260528, 14
1231, 250.03008987163312, 14
1232, 249.8169143812745, 14
1233, 249.6978403012259, 14
1234, 250.04774964683523, 14
1235, 249.7559694276758, 14
1236, 250.06414797589863, 14
1237, 251.39104280428901, 14
1238, 268.1424564620902, 15
1239, 263.72610184960234, 14
1240, 264.2318503599626, 14
1241, 264.1489226379645, 14
1242, 264.38460416289837, 14
1243, 265.5750142368779, 14
1244, 265.54169779404356, 14
1245, 265.8367764821496, 14
1246, 266.83229159629724, 14
1247, 266.81048594985344, 14
1248, 267.0055239449915, 14
1249, 264.1034840869061, 13
1250, 261.4674923051641, 13
1251, 261.6210732867031, 13
1252, 261.29475278964526, 13
1253, 262.44205129352173, 13
1254, 261.439360996241, 13
1255, 259.88143086884753, 13
1256, 258.43673820500743, 13
1257, 259.56874258004603, 13
1258, 259.7166545254974, 13
1259, 260.54433900590925, 13
1260, 260.72315569385756, 13
1261, 261.62635316340413, 13
1262, 260.24703585890217, 13
1263, 260.2613190600549, 13
1264, 260.426093821837, 13
1265, 260.2887789468628, 13
1266, 260.32503964691045, 13
1267, 260.41177261951367, 13
1268, 261.59322268351536, 13
1269, 260.4170699626858, 13
1270, 260.2209631846051, 13
1271, 261.81456214596193, 13
1272, 262.1374739129472, 13
1273, 262.00652945146857, 13
1274, 261.86907329521324, 13
1275, 261.6329593102184, 13
1276, 261.551202270376, 13
1277, 261.67932657353765, 13
1278, 261.78041430777756, 13
1279, 262.2556950156978, 14
1280, 265.6454767622839, 15
1281, 266.6615503389497, 15
1282, 266.7485264788558, 15
1283, 266.5197409594278, 15
1284, 265.68239470708323, 15
1285, 265.5812710698253, 15
1286, 265.07419964489736, 15
1287, 265.7551233984891, 15
1288, 265.48322567977164, 15
1289, 266.34868798854563, 15
1290, 266.5567090153336, 15
1291, 266.7892430495846, 15
1292, 266.8415537411599, 15
1293, 266.65239944448285, 15
1294, 264.97442098019803, 15
1295, 265.1789032184461, 15
1296, 268.40550149197674, 14
1297, 269.4504470711103, 14
1298, 267.7196404242189, 14
1299, 267.3209400102262, 14
1300, 266.5199845834537, 14
1301, 267.5077319611468, 14
1302, 264.9151604129448, 14
1303, 266.2289147208483, 14
1304, 267.5414127706195, 14
1305, 267.12721232200084, 14
1306, 266.9605971624259, 14
1307, 267.03366363440415, 14
1308, 266.20399031512557, 14
1309, 266.64287971995486, 14
1310, 266.7675498126442, 14
1311, 265.32666945639585, 14
1312, 265.6289563999646, 14
1313, 265.4534659958042, 14
1314, 265.36668411468014, 14
1315, 249.63514903648004, 14
1316, 250.89056232165572, 14
1317, 250.49303240668965, 14
1318, 250.85966135057646, 14
1319, 250.77992831765224, 14
1320, 253.5717462015801, 15
1321, 253.85601578979526, 15
1322, 253.71970984731735, 15
1323, 262.66651939243854, 15
1324, 262.5570159642018, 15
1325, 262.517788129724, 15
1326, 263.6166849016128, 15
1327, 264.6721574851108, 15
1328, 264.7975644286327, 15
1329, 263.45139871570115, 15
1330, 263.374792049767, 15
1331, 263.4553966473782, 15
1332, 267.4926920549579, 16
1333, 267.354882427858, 16
1334, 267.766317806468, 16
1335, 267.34030240876757, 16
1336, 267.4190558165271, 16
1337, 267.3983578884555, 16
1338, 266.9099301077012, 16
1339, 267.08767104699393, 16
1340, 265.70149361231364, 16
1341, 265.57269839253667, 16
1342, 266.4000101072751, 16
1343, 269.5408986278301, 15
1344, 253.8588231981522, 15
1345, 252.50897395689017, 15
1346, 252.3510167186906, 15
1347, 251.140254013823, 15
1348, 252.21575560613397, 15
1349, 252.41793795361795, 15
1350, 252.38676858395306, 15
1351, 252.4145985164051, 15
1352, 252.40381872843625, 15
1353, 252.18050878923535, 15
1354, 253.28978254350503, 15
1355, 266.71003798286927, 15
1356, 268.38980586756446, 15
1357, 267.10542890035845, 15
1358, 268.6024187793926, 15
1359, 266.3393597583745, 15
1360, 273.3160080927311, 15
1361, 272.3103092774709, 15
1362, 274.37223755168037, 15
1363, 275.32416012298313, 15
1364, 282.5450417457602, 15
1365, 283.7157698615876, 15
1366, 282.558140324305, 15
1367, 282.3682179654492, 15
1368, 282.42720215451277, 15
1369, 282.29065080115305, 15
1370, 280.7552518854697, 15
1371, 281.83259593327506, 15
1372, 290.1920165201424, 15
1373, 291.5083787950099, 15
1374, 291.50099017472127, 15
1375, 291.9078142373448, 15
1376, 291.7012809647459, 15
1377, 291.61028608963977, 15
1378, 293.1719715857591, 15
1379, 293.14371262923174, 15
1380, 291.8086185835509, 15
1381, 290.19523723308333, 15
1382, 291.60509392199174, 15
1383, 292.6709283627318, 15
1384, 292.71224313268704, 15
1385, 294.77215818416005, 15
1386, 293.36020979279573, 15
1387, 292.5482147023941, 15
1388, 292.3580354488094, 15
1389, 292.42012470266775, 15
1390, 291.96930681734386, 15
1391, 294.38220880374183, 15
1392, 294.27679544495317, 15
1393, 293.9113874910133, 15
1394, 293.6634563532709, 15
1395, 292.61446192544634, 15
1396, 290.24639643050995, 15
1397, 291.38271401041493, 15
1398, 290.6453132877345, 15
1399, 291.45807906044706, 15
1400, 291.51764368772854, 15
1401, 291.58880660193734, 15
1402, 293.5839820552125, 15
1403, 293.75790821200195, 15
1404, 293.56318008505866, 15
1405, 293.83553306873637, 15
1406, 296.91241575033956, 16
1407, 295.94238579256853, 16
1408, 295.91044498911873, 16
1409, 295.9191843767774, 16
1410, 295.6726964202404, 16
1411, 295.81212843204065, 16
1412, 295.6553739673248, 16
1413, 296.8815925397248, 16
1414, 294.85704900443733, 16
1415, 293.3845988957853, 16
1416, 301.4757019872326, 16
1417, 301.4270944852728, 16
1418, 300.89064259339665, 16
1419, 300.8493364421895, 16
1420, 301.94277810748184, 16
1421, 300.7805688428454, 16
1422, 300.55350287593996, 16
1423, 303.52325992954906, 16
1424, 304.4275937663705, 16
1425, 302.3810862974745, 16
1426, 303.6306396870496, 16
1427, 304.5562453623592, 16
1428, 304.6014631225861, 16
1429, 304.40767751124946, 16
1430, 304.360793829925, 16
1431, 303.3915706421183, 16
1432, 303.27555947747106, 16
1433, 304.27435974294576, 16
1434, 304.261415676292, 16
1435, 304.1768875053249, 16
1436, 300.7363326945983, 16
1437, 300.80878213810314, 16
1438, 301.9738054692006, 16
1439, 302.0891276196144, 16
1440, 303.0091946780849, 16
1441, 301.99888004458353, 16
1442, 302.6473303010338, 16
1443, 300.28563077544544, 16
1444, 301.2567083060589, 16
1445, 316.1308724766164, 16
1446, 316.9699118562422, 16
1447, 313.7272119403142, 16
1448, 314.0805754284933, 16
1449, 312.90813290743125, 16
1450, 313.14058510025603, 16
1451, 312.9533007904686, 16
1452, 313.7965650759693, 16
1453, 313.7930507203951, 16
1454, 311.87910013262825, 16
1455, 314.5474195999796, 16
1456, 314.4954816513376, 16
1457, 315.5535812962837, 16
1458, 314.83231849694687, 16
1459, 315.2470553964872, 16
1460, 316.00678985991465, 16
1461, 315.391456211208, 16
1462, 317.9200000168489, 16
1463, 317.9970781966705, 16
1464, 317.9781963743583, 16
1465, 316.7364915228286, 16
1466, 315.22343021369215, 16
1467, 316.31290472675136, 16
1468, 319.7243261555579, 17
1469, 318.87007440156714, 17
1470, 319.63946431706097, 17
1471, 319.4101952018342, 17
1472, 319.56201948620617, 17
1473, 319.65298883068357, 17
1474, 319.04469095947485, 17
1475, 319.9215096005452, 17
1476, 321.3262681571826, 17
1477, 321.3513621229028, 17
1478, 324.6556062399028, 17
1479, 322.901048436989, 17
1480, 308.1341306307815, 17
1481, 308.9505843728333, 17
1482, 308.8159085603396, 17
1483, 307.73887583815923, 17
1484, 308.77572963291726, 17
1485, 305.6433338941986, 17
1486, 314.43667232258275, 17
1487, 312.4194455070778, 17
1488, 311.51832266958604, 17
1489, 312.9647667972769, 17
1490, 313.3433686059275, 17
1491, 313.68559577363516, 17
1492, 315.4197046905084, 17
1493, 316.39836237350215, 17
1494, 317.5621863153629, 17
1495, 317.3675330941418, 17
1496, 318.4806674224107, 17
1497, 318.0235233158676, 17
1498, 319.07215398611515, 17
1499, 319.19287138197245, 17
1500, 319.8613321586572, 17
1501, 322.98879167036364, 18
1502, 325.68164730711146, 18
1503, 324.27981085875933, 18
1504, 332.29947143602243, 18
1505, 331.7666805223447, 18
1506, 331.615771578853, 18
1507, 332.01258905807305, 18
1508, 332.16103690474523, 18
1509, 332.17575151138954, 18
1510, 330.9976863015, 18
1511, 330.88807933050845, 18
1512, 329.82468305568676, 18
1513, 329.76366426658115, 18
1514, 329.96947159184344, 18
1515, 329.1153611510195, 18
1516, 330.21883543720327, 18
1517, 329.48754116209375, 18
1518, 329.4996133373049, 18
1519, 331.0221607014718, 18
1520, 330.78059343162033, 18
1521, 331.92156752757705, 18
1522, 332.01218232244287, 18
1523, 331.80287537500635, 18
1524, 332.01466127452386, 18
1525, 330.5068408056664, 18
1526, 335.1128828018849, 19
1527, 334.0875872708961, 19
1528, 334.80548528578083, 19
1529, 333.9292539025577, 19
1530, 334.9815297650008, 19
1531, 334.98590532411544, 19
1532, 334.7755017020092, 19
1533, 334.88152900352924, 19
1534, 333.84092938531677, 19
1535, 334.4778879887318, 19
1536, 332.9828153046453, 19
1537, 332.93108551904413, 19
1538, 334.68646329779386, 19
1539, 334.79387513615404, 19
1540, 334.9149474073751, 19
1541, 333.1573852917498, 19
1542, 333.15553281722464, 19
1543, 332.97885624862977, 19
1544, 333.17003898871184, 19
1545, 332.9688584728378, 19
1546, 332.8066828749066, 19
1547, 331.98016647430285, 19
1548, 331.8350916265236, 19
1549, 331.865929650008, 19
1550, 330.502618844711, 19
1551, 331.4408664613202, 19
1552, 331.4189145336252, 19
1553, 333.0249840424324, 19
1554, 334.1500814559596, 19
1555, 334.1512795873434, 19
1556, 334.0551856689208, 19
1557, 334.00749957552296, 19
1558, 334.03317359143205, 19
1559, 332.85403064977345, 19
1560, 334.1442461646031, 19
1561, 335.7522058458344, 19
1562, 335.6104881254677, 19
1563, 335.54687539285504, 19
1564, 335.5758177534056, 19
1565, 348.8221651574296, 19
1566, 360.24014187840925, 20
1567, 349.357647296874, 21
1568, 349.534797534517, 21
1569, 349.5400025918236, 21
1570, 349.81594223163273, 21
1571, 351.6773674698173, 21
1572, 350.9225356123187, 21
1573, 344.4530444119382, 20
1574, 344.4188575796318, 20
1575, 344.4135878067327, 20
1576, 345.3753652299217, 20
1577, 344.553826592083, 20
1578, 348.53291364364486, 21
1579, 348.506205508887, 21
1580, 347.01598504082796, 21
1581, 347.0448475934892, 21
1582, 346.93758268886734, 21
1583, 345.67531508313766, 21
1584, 342.4376065568583, 20
1585, 343.67390570734347, 20
1586, 344.6450830373309, 20
1587, 347.998431413306, 21
1588, 348.72641572215696, 21
1589, 344.6859576160276, 20
1590, 348.047143921856, 21
1591, 348.8556083720327, 21
1592, 348.09451305161247, 21
1593, 348.13875245676087, 21
1594, 363.55605256242137, 21
1595, 363.39060790325107, 21
1596, 364.78185845439634, 21
1597, 363.70101018564134, 21
1598, 364.1070401394321, 21
1599, 370.7517508586016, 21
1600, 370.4831546922183, 21
1601, 371.6073135419527, 21
1602, 374.94053969009997, 22
1603, 383.6942998473025, 22
1604, 384.2505958740603, 22
1605, 383.3263427877938, 22
1606, 382.5526337713792, 22
1607, 383.6473917790006, 22
1608, 384.53019858314053, 22
1609, 383.9884561417681, 22
1610, 385.4615878619448, 22
1611, 386.5711646373047, 22
1612, 387.21134582046955, 22
1613, 364.0575743216182, 22
1614, 363.9063187677331, 22
1615, 364.15834623721213, 22
1616, 382.3822612152924, 23
1617, 380.83185462036016, 23
1618, 379.64451762588806, 23
1619, 379.432770919666, 23
1620, 392.3742476766007, 23
1621, 390.93142758203237, 23
1622, 392.087860064521, 23
1623, 400.05084077109075, 23
1624, 400.8807978510589, 23
1625, 401.2713446565866, 23
1626, 398.4288939389303, 23
1627, 398.63066600763216, 23
1628, 398.43253452775775, 23
1629, 398.80513741594984, 23
1630, 398.4458484377816, 23
1631, 398.3263549293978, 23
1632, 398.49536963071523, 23
1633, 399.0328987319481, 23
1634, 401.50302240061546, 23
1635, 400.8169853299603, 23
1636, 401.4254240777159, 23
1637, 405.04190246706355, 24
1638, 405.20132411913994, 24
1639, 417.75129048184743, 24
1640, 418.06392890182457, 24
1641, 418.98279830774266, 24
1642, 422.7358322957211, 25
1643, 422.49179057788615, 25
1644, 423.73949905219894, 25
1645, 423.04801190715943, 25
1646, 423.33516437695766, 25
1647, 422.5424986723822, 25
1648, 422.0043421007006, 25
1649, 423.1528842271733, 25
1650, 423.59936279723473, 25
1651, 424.69027273078706, 25
1652, 423.3125492884098, 25
1653, 436.3657110072456, 26
1654, 448.9878576530559, 26
1655, 461.8847857003377, 26
1656, 460.4637763114369, 26
1657, 460.39139813309185, 26
1658, 468.612415124828, 26
1659, 468.88821728950063, 26
1660, 475.6807560839804, 26
1661, 485.5337857131422, 26
1662, 486.7328382108102, 26
1663, 486.40657998838554, 26
1664, 481.2490467190723, 25
1665, 483.00137761509495, 25
1666, 484.3957976202325, 25
1667, 485.53594801137996, 25
1668, 484.89679074199665, 25
1669, 485.72664057130214, 25
1670, 485.30949983038613, 25
1671, 488.0148679001986, 25
1672, 485.7322695257435, 25
1673, 486.71987460414465, 25
1674, 495.13192413559534, 25
1675, 505.73110403413256, 25
1676, 508.6848308868535, 25
1677, 510.3366915180383, 25
1678, 513.0553731038096, 25
1679, 511.464918436837, 25
1680, 512.117883008965, 25
1681, 519.2678934076539, 25
1682, 518.895922191907, 25
1683, 520.7152639859179, 25
1684, 518.2259313094276, 25
1685, 519.830658808824, 25
1686, 519.4803862338274, 25
1687, 519.5120785642558, 25
1688, 520.8399026463788, 25
1689, 521.0547384359018, 25
1690, 524.6586047919051, 25
1691, 525.0666795671517, 25
1692, 525.0843489993805, 25
1693, 524.6891587252277, 25
1694, 523.8674396476014, 25
1695, 525.3273235487462, 25
1696, 522.2757191020023, 25
1697, 527.2044108954602, 26
1698, 527.6182970312066, 26
1699, 527.2872529396, 26
1700, 528.6573740284441, 26
1701, 528.8479870723875, 26
1702, 528.8039388040213, 26
1703, 529.0285902215463, 26
1704, 529.117083002979, 26
1705, 528.6964965751454, 26
1706, 528.4914358046086, 26
1707, 527.7646902595367, 26
1708, 539.3557929370085, 26
1709, 539.8009659567422, 26
1710, 539.3107274697868, 26
1711, 540.1825860761309, 26
1712, 538.0760705696634, 26
1713, 558.0258207633411, 26
1714, 557.8961564817915, 26
1715, 557.7285376079949, 26
1716, 557.8935185456728, 26
1717, 557.6518842097807, 26
1718, 557.7369136372371, 26
1719, 556.3828198770925, 26
1720, 556.2181338317896, 26
1721, 557.7783192059687, 26
1722, 557.4102596492526, 26
1723, 557.0130555687224, 26
1724, 555.9024569268263, 26
1725, 557.059080375827, 26
1726, 558.8864225169543, 26
1727, 559.9221067403298, 26
1728, 559.7943057513683, 26
1729, 562.0232423296933, 26
1730, 562.9638480938631, 26
1731, 563.035826976198, 26
1732, 563.0004434837645, 26
1733, 565.7305640937393, 26
1734, 569.5125250956892, 27
1735, 569.5126427026013, 27
1736, 569.603704024582, 27
1737, 570.6616605334831, 27
1738, 584.6858377354561, 27
1739, 584.8167082364714, 27
1740, 542.5689169504204, 27
1741, 541.4841217243119, 27
1742, 541.3953604025037, 27
1743, 542.113067378662, 27
1744, 543.2873873729632, 27
1745, 545.0197742631426, 27
1746, 546.0319695325666, 27
1747, 543.7243535493577, 27
1748, 543.8073690666109, 27
1749, 543.3286964504209, 27
1750, 542.9572775826895, 27
1751, 541.8086352993174, 27
1752, 541.3912014976376, 27
1753, 542.4174640134368, 27
1754, 542.5003855241548, 27
1755, 541.1765109671467, 27
1756, 541.1910401368514, 27
1757, 539.2116573243976, 27
1758, 544.2443608049429, 27
1759, 545.5417448467173, 27
1760, 545.7183111512046, 27
1761, 544.5444029500524, 27
1762, 544.5095148656892, 27
1763, 543.390418785192, 27
1764, 552.4651679591977, 27
1765, 552.5101215019387, 27
1766, 558.4042446897548, 28
1767, 557.1600458847533, 28
1768, 555.6695897254036, 28
1769, 557.004747597644, 28
1770, 568.1643451644002, 28
1771, 571.1187336749933, 28
1772, 572.5545909166647, 28
1773, 560.0926092742061, 28
1774, 565.0531441507061, 29
1775, 563.252053664658, 29
1776, 560.5461266508073, 29
1777, 561.4201446049932, 29
1778, 561.1275096288981, 29
1779, 559.1428628606313, 29
1780, 559.2813243708712, 29
1781, 558.1075602731785, 29
1782, 558.5098409497822, 29
1783, 560.693665074926, 29
1784, 560.188088765869, 29
1785, 560.411213195332, 29
1786, 556.5669805747117, 28
1787, 552.1498889540914, 28
1788, 552.0855408563316, 28
1789, 554.0643723524286, 28
1790, 562.0623460723801, 28
1791, 560.4242536579484, 28
1792, 561.9255326646918, 28
1793, 564.1205176877875, 28
1794, 552.2823117520683, 26
1795, 545.21048227448, 25
1796, 547.2489801159193, 26
1797, 546.8365024416369, 26
1798, 547.7060912357316, 26
1799, 547.0438547997954, 26
1800, 544.9708879548806, 26
1801, 545.8954373085082, 26
1802, 544.6701611768002, 26
1803, 544.913474932484, 26
1804, 546.3825752415123, 26
1805, 547.1506755984652, 26
1806, 548.1741668094501, 26
1807, 548.9667525858814, 26
1808, 550.1513108737095, 26
1809, 551.7240975095137, 26
1810, 552.3625452701812, 26
1811, 553.4835641445384, 26
1812, 551.0896977986075, 26
1813, 550.1626757865375, 26
1814, 549.806601952508, 26
1815, 548.5439040450024, 26
1816, 547.7823593982158, 26
1817, 551.3213183444366, 26
1818, 550.1081261334922, 26
1819, 548.9213726438915, 26
1820, 549.1044565347684, 26
1821, 547.7248920129717, 26
1822, 547.7029759375223, 26
1823, 548.5012859821735, 26
1824, 548.6632696219956, 26
1825, 548.206061052189, 26
1826, 543.4129124765368, 25
1827, 543.5749999641229, 25
1828, 545.6474681473263, 25
1829, 544.3050145399149, 25
1830, 543.843449799965, 25
1831, 545.2382823073322, 25
1832, 546.6356497945131, 25
1833, 544.8565430682479, 25
1834, 545.813347670314, 25
1835, 544.367137863516, 25
1836, 542.8057437586419, 25
1837, 546.4112599385269, 25
1838, 546.2931639225873, 25
1839, 546.593688596169, 25
1840, 545.1121123488184, 25
1841, 545.1285144012301, 25
1842, 546.4428237218908, 25
1843, 546.5719516254773, 25
1844, 547.2920886337376, 25
1845, 556.8845167319045, 25
1846, 556.8305377413307, 25
1847, 555.7090041855228, 25
1848, 560.4333589111307, 26
1849, 561.3499628719331, 26
1850, 569.5804454166389, 27
1851, 570.9595687012985, 27
1852, 570.985715107601, 27
1853, 574.4511298603595, 28
1854, 573.100792240128, 28
1855, 572.280298398772, 28
1856, 572.4786180279792, 28
1857, 569.2617262594956, 28
1858, 569.2681900662518, 28
1859, 568.8737609332012, 28
1860, 567.2111792918998, 28
1861, 568.766621662521, 28
1862, 573.6115049822685, 29
1863, 572.3790263565336, 29
1864, 568.2830275445464, 29
1865, 566.4932602467215, 29
1866, 567.3489067278814, 29
1867, 567.5932495654919, 29
1868, 587.276692609248, 31
1869, 588.5239910983584, 31
1870, 589.7066834315088, 31
1871, 588.3916553060981, 31
1872, 587.9460982480448, 31
1873, 590.0868396532612, 31
1874, 589.987382650112, 31
1875, 590.067226694938, 31
1876, 589.9165620465842, 31
1877, 557.1627480931819, 31
1878, 556.4773327656163, 31
1879, 554.0609675651538, 31
1880, 554.3101675356764, 31
1881, 553.981572143356, 31
1882, 553.8908376381456, 31
1883, 554.9594935406774, 31
1884, 553.8736217077874, 31
1885, 552.0400564525114, 31
1886, 555.799626003246, 31
1887, 554.1631623691391, 31
1888, 564.7905496845317, 31
1889, 574.1396896943709, 31
1890, 572.1920862662811, 31
1891, 573.2154409711966, 31
1892, 553.5313464145097, 31
1893, 554.9889987436878, 31
1894, 554.724642595812, 31
1895, 555.9679766458413, 31
1896, 555.7160140172738, 31
1897, 555.4915657163668, 31
1898, 556.9151439870761, 31
1899, 555.3961831865432, 31
1900, 557.6568377285521, 31
1901, 556.9807970871469, 31
1902, 557.2175912010189, 31
1903, 567.9373844757989, 31
1904, 566.5735925885064, 31
1905, 566.6025833834917, 31
1906, 566.5695373392109, 31
1907, 566.5624398373128, 31
1908, 564.0146876532295, 31
1909, 563.7492110715565, 31
1910, 564.7218704907358, 31
1911, 568.6704432989413, 31
1912, 569.0570974732242, 31
1913, 568.7489468741195, 31
1914, 568.7726600001215, 31
1915, 568.6952703650671, 31
1916, 567.0508310369454, 31
1917, 572.2252586141932, 32
1918, 567.5641285786735, 31
1919, 568.5926023026324, 31
1920, 572.3663404238965, 32
1921, 571.3690863374318, 32
1922, 571.1694450371875, 32
1923, 582.181722980667, 32
1924, 582.3295494661243, 32
1925, 580.732026858537, 32
1926, 592.6469994449212, 32
1927, 592.5360474821942, 32
1928, 588.8611378378688, 32
1929, 608.5583333662814, 32
1930, 607.457797123073, 32
1931, 606.8590109092634, 32
1932, 607.2116363356421, 32
1933, 606.7823835508533, 32
1934, 606.5480577021125, 32
1935, 611.882449057449, 33
1936, 612.0170380240386, 33
1937, 613.3504757277293, 33
1938, 622.2918542358193, 33
1939, 622.0066565046153, 33
1940, 625.4571994616349, 33
1941, 606.4159502349826, 33
1942, 608.699866742074, 33
1943, 614.6309973395058, 33
1944, 617.2897255906778, 33
1945, 617.2022864610461, 33
1946, 614.3106085352339, 33
1947, 618.3697395913246, 34
1948, 619.549114234603, 34
1949, 622.1869710358726, 34
1950, 620.5664947371978, 34
1951, 619.5628533449693, 34
1952, 619.0871584000408, 34
1953, 619.8596995989458, 34
1954, 619.4401364372328, 34
1955, 619.7280886151757, 34
1956, 622.2168282529482, 34
1957, 622.163892384286, 34
1958, 620.7418486956176, 34
1959, 620.7403316284228, 34
1960, 621.9979282484744, 34
1961, 633.781386226204, 34
1962, 633.8288991503036, 34
1963, 634.355579394726, 34
1964, 633.0039291388192, 34
1965, 626.623433953456, 33
1966, 626.5937284469218, 33
1967, 637.5436906849442, 33
1968, 638.8545640141054, 33
1969, 638.8285674733253, 33
1970, 639.1123633001446, 33
1971, 639.6310437667801, 33
1972, 640.9754601292875, 33
1973, 639.7449196892996, 33
1974, 638.6836287546979, 33
1975, 638.8070218656828, 33
1976, 651.0368930510336, 33
1977, 650.8221289530314, 33
1978, 651.3456803700182, 33
1979, 651.4531190820597, 33
1980, 652.384906343705, 33
1981, 650.6446373576033, 33
1982, 650.1552817416856, 33
1983, 650.3985911335038, 33
1984, 651.4242756108057, 33
1985, 649.1612077885438, 33
1986, 649.0701201979605, 33
1987, 653.3079867302017, 33
1988, 653.1958504969114, 33
1989, 652.7313363541432, 33
1990, 652.1014284355068, 33
1991, 651.5598620775161, 33
1992, 650.5229062359346, 33
1993, 650.4186544750906, 33
1994, 650.8961017718873, 33
1995, 649.3048048161827, 33
1996, 649.6573044388904, 33
1997, 649.4510169389167, 33
1998, 651.300062045305, 33
1999, 647.8035696190476, 33
2000, 647.8538789846336, 33
2001, 653.4817764003608, 34
2002, 653.3320220053552, 34
2003, 662.0803494038547, 34
2004, 660.7736963697917, 34
2005, 660.992107679603, 34
2006, 658.5064248773255, 34
2007, 653.4697917798317, 33
2008, 653.3590323602629, 33
2009, 653.5401345831763, 33
2010, 653.3079097245442, 33
2011, 653.4855616120403, 33
2012, 653.5232223856665, 33
2013, 654.6794411366731, 33
2014, 653.9840369105956, 33
2015, 652.4660242143476, 33
2016, 652.8315379855904, 33
2017, 661.2304166007003, 33
2018, 666.1418614090611, 34
2019, 666.2525976241448, 34
2020, 668.84797013444, 34
2021, 667.5379670941913, 34
2022, 666.3299630053956, 34
2023, 669.6676778601083, 35
2024, 674.4862222962896, 36
2025, 664.409190008825, 36
2026, 666.0373355182707, 36
2027, 634.6177089194645, 36
2028, 634.3431583227164, 36
2029, 634.3773380327001, 36
2030, 616.7887649054564, 36
2031, 611.4296134721744, 35
2032, 612.5538138579781, 35
2033, 615.0165216313175, 36
2034, 614.681694803739, 36
2035, 608.6213368546145, 35
2036, 608.7952813176056, 35
2037, 608.0137144028457, 35
2038, 609.1149897748027, 35
2039, 608.7526970674394, 35
2040, 608.0190917670427, 35
2041, 630.2655973708997, 35
2042, 631.3161902097917, 35
2043, 631.3331975328465, 35
2044, 615.8891678850251, 35
2045, 591.1135495564165, 35
2046, 600.7039123524866, 35
2047, 602.0554312021765, 35
2048, 612.2704121290383, 35
2049, 612.5199461451839, 35
2050, 610.7613650398577, 35
2051, 611.2177637178312, 35
2052, 613.1062126472581, 35
2053, 614.2347516639554, 35
2054, 614.4455424442418, 35
2055, 611.9465705666918, 35
2056, 611.6442686816848, 35
2057, 612.027728985966, 35
2058, 611.5398483052605, 35
2059, 612.8400979195443, 35
2060, 612.9414696746481, 35
2061, 613.0972321587406, 35
2062, 614.2318455015509, 35
2063, 623.6210646136358, 35
2064, 624.7037397126632, 35
2065, 623.5021548031141, 35
2066, 623.1696726041059, 35
2067, 624.2860701421015, 35
2068, 625.6722424099053, 35
2069, 625.7172327984274, 35
2070, 625.3901981781987, 35
2071, 605.9784177725843, 35
2072, 618.3971543987236, 36
2073, 613.8664315775497, 35
2074, 612.4914278150045, 35
2075, 606.6840433535027, 34
2076, 606.9933256924031, 34
2077, 607.3784199873143, 34
2078, 606.569422820077, 34
2079, 616.7196396246145, 34
2080, 616.8289295553259, 34
2081, 594.1122939634898, 33
2082, 597.1306679167211, 33
2083, 596.9109338280898, 33
2084, 599.1694105053339, 33
2085, 598.0000348921274, 33
2086, 599.736252613358, 34
2087, 592.5508852749765, 34
2088, 592.2296257470924, 34
2089, 590.3595797046253, 34
2090, 589.9196062195214, 34
2091, 587.0249171081741, 34
2092, 587.9336643680529, 34
2093, 586.0694990560991, 34
2094, 568.1400364416849, 34
2095, 576.8933580007144, 34
2096, 576.8441376460211, 34
2097, 575.5709083623193, 34
2098, 561.1463240759151, 34
2099, 559.9335966487492, 34
2100, 561.4206576294243, 34
2101, 555.7690825975221, 33
2102, 553.4845150061693, 33
2103, 551.9789211179334, 33
2104, 550.4743235935746, 33
2105, 552.9133490573115, 33
2106, 551.430568291112, 33
2107, 552.5465470181675, 33
2108, 552.348468888783, 33
2109, 553.5325766483476, 33
2110, 555.6675534231676, 34
2111, 554.162755174625, 34
2112, 556.736449069781, 34
2113, 555.5063231525729, 34
2114, 554.9310139749255, 34
2115, 555.544952302694, 34
2116, 555.6964998995708, 34
2117, 556.4320962436084, 34
2118, 557.7743525336514, 34
2119, 558.3437653017631, 34
2120, 558.2997421716709, 34
2121, 565.5627716303605, 34
2122, 565.4034614191673, 34
2123, 565.5099522813856, 34
2124, 565.2629584230701, 34
2125, 566.6835679499915, 34
2126, 573.5343525543005, 34
2127, 586.509259886716, 34
2128, 596.1740686833393, 34
2129, 600.6280352304291, 35
2130, 608.9673091117471, 35
2131, 607.75640678672, 35
2132, 615.6305829393953, 35
2133, 626.0581491575921, 35
2134, 626.4245462560554, 35
2135, 618.4823839412564, 35
2136, 617.7685813200075, 35
2137, 616.4260179042896, 35
2138, 617.00666972276, 35
2139, 617.9518437673689, 35
2140, 619.4997193627712, 35
2141, 618.1815117776862, 35
2142, 618.0735948678534, 35
2143, 618.8623206918094, 35
2144, 602.3237858468431, 35
2145, 602.2360587406831, 35
2146, 602.370902102449, 35
2147, 603.3772182700842, 35
2148, 601.644900255581, 35
2149, 602.0116532351129, 35
2150, 601.7996007522655, 35
2151, 605.2736908153541, 36
2152, 606.635625876363, 36
2153, 604.9470976936477, 36
2154, 603.3672245405136, 36
2155, 600.1302501505838, 35
2156, 617.7947346382759, 35
2157, 620.2847057311906, 35
2158, 623.0075900159014, 35
2159, 622.8869386164066, 35
2160, 626.1662884214978, 36
2161, 624.992532840352, 36
2162, 626.3234599988155, 36
2163, 627.5145156394984, 36
2164, 628.8012238464745, 36
2165, 630.1193052879066, 36
2166, 629.6958119839452, 36
2167, 632.819784891397, 36
2168, 632.2404539015508, 36
2169, 630.9397858436158, 36
2170, 632.61689702223, 36
2171, 632.6955421714446, 36
2172, 631.3358884045688, 36
2173, 639.9779223527138, 36
2174, 639.6087541182388, 36
2175, 645.6359620390817, 36
2176, 644.6508002965605, 36
2177, 644.5446054060735, 36
2178, 644.4558226011599, 36
2179, 641.9469721851821, 36
2180, 646.1147347958953, 37
2181, 658.6976316987075, 37
2182, 658.5653682127086, 37
2183, 659.3253303716415, 37
2184, 660.1973355960707, 37
2185, 660.7691424156512, 37
2186, 662.0974370769904, 37
2187, 664.3713978889431, 37
2188, 663.465454960331, 37
2189, 661.6824298551666, 37
2190, 662.6496792710345, 38
2191, 662.5809707394277, 38
2192, 666.3125636874487, 38
2193, 666.261051700379, 38
2194, 666.0819043858248, 38
2195, 667.2006644721336, 38
2196, 666.1208643422449, 38
2197, 668.3419291455413, 38
2198, 677.4756192327889, 38
2199, 677.4055931137799, 38
2200, 677.2924448164462, 38
2201, 678.4282995778364, 38
2202, 678.437837713937, 38
2203, 678.590124299684, 38
2204, 676.7265205157186, 38
2205, 682.4813410631983, 38
2206, 686.2911661424243, 39
2207, 694.6096145927387, 39
2208, 689.0215414567751, 38
2209, 688.9122872958451, 38
2210, 700.8917924532495, 38
2211, 698.1091621175445, 38
2212, 697.9012870757904, 38
2213, 699.6763991224082, 38
2214, 709.2723160796157, 38
2215, 708.9289280128219, 38
2216, 707.5724137024515, 38
2217, 709.8806740634006, 38
2218, 708.4323325979942, 38
2219, 705.0288141970486, 38
2220, 713.7944024479152, 38
2221, 713.9427645838729, 38
2222, 713.7011368157366, 38
2223, 720.6506374193092, 38
2224, 720.8637652269783, 38
2225, 730.007643389247, 38
2226, 738.5077158094532, 38
2227, 737.2578601752718, 38
2228, 738.4844857715225, 38
2229, 746.8722340395253, 38
2230, 747.1354650348177, 38
2231, 747.1232225138488, 38
2232, 745.8244323826544, 38
2233, 745.6430969395475, 38
2234, 745.1065683964134, 38
2235, 744.5847173328814, 38
2236, 746.2054417991909, 38
2237, 746.3346992326839, 38
2238, 746.0284857168222, 38
2239, 747.7110104727019, 38
2240, 746.492928797991, 38
2241, 746.1528955076072, 38
2242, 745.7567357999546, 38
2243, 745.8449954795914, 38
2244, 755.9345577968548, 38
2245, 756.1673250050263, 38
2246, 759.635183820269, 39
2247, 769.7511502661588, 39
2248, 769.4403670343231, 39
2249, 769.7532666580771, 39
2250, 734.5627180730523, 39
2251, 731.2187071331715, 39
2252, 731.2759758579888, 39
2253, 732.4661109037108, 39
2254, 728.1166046832406, 38
2255, 727.6183260410742, 38
2256, 729.138064379719, 38
2257, 729.0828312811313, 38
2258, 731.2354066172906, 38
2259, 729.3134683181039, 38
2260, 730.2609031000632, 38
2261, 738.4674139590832, 38
2262, 736.7326778828736, 38
2263, 734.8170705221072, 38
2264, 715.5100204978313, 38
2265, 715.7135643498975, 38
2266, 706.3755506028025, 38
2267, 706.1313341869519, 38
2268, 705.9562382000046, 38
2269, 705.9994421312077, 38
2270, 708.0718157664331, 38
2271, 708.4566634004527, 38
2272, 709.3181457755603, 38
2273, 709.1238184363051, 38
2274, 713.3484937109944, 38
2275, 711.4397495268215, 38
2276, 703.710643982426, 38
2277, 702.5160556059153, 38
2278, 703.8205695503037, 38
2279, 712.1723476730316, 38
2280, 712.9634650426784, 38
2281, 714.0617588111473, 38
2282, 721.219949275524, 38
2283, 719.8421398003503, 38
2284, 705.1320382744162, 38
2285, 687.8934004536209, 38
2286, 695.1750552061894, 38
2287, 698.8037858610118, 39
2288, 682.0823640271326, 39
2289, 681.9286970522147, 39
2290, 680.7390744517043, 39
2291, 679.4316124595567, 39
2292, 681.9234006523404, 39
2293, 686.5362480276251, 40
2294, 686.3259125419833, 40
2295, 684.6175207412957, 40
2296, 693.0379521955473, 40
2297, 690.1104124596068, 40
2298, 687.5524784196463, 40
2299, 687.0965047972956, 40
2300, 689.9927879121592, 40
2301, 688.6043686435434, 40
2302, 689.7875092372047, 40
2303, 692.3283386114557, 40
2304, 694.8362493650425, 41
2305, 696.3770127861341, 41
2306, 695.9040484831182, 41
2307, 698.1460021890967, 41
2308, 698.0499215964373, 41
2309, 691.1727107418753, 41
2310, 692.0924010128876, 41
2311, 690.6083975022193, 41
2312, 690.8566379643469, 41
2313, 669.9954529457352, 41
2314, 670.0817115317791, 41
2315, 673.2985020163201, 41
2316, 678.9572738432955, 41
2317, 678.9437045232244, 41
2318, 678.9686622204651, 41
2319, 679.4454511155417, 41
2320, 680.6524546557631, 41
2321, 680.7378988044579, 41
2322, 684.4279616149583, 42
2323, 685.262973384203, 42
2324, 687.466119021178, 42
2325, 682.612348216508, 41
2326, 683.1968628215467, 41
2327, 691.5775501400744, 41
2328, 691.5132290289506, 41
2329, 700.1398814277736, 41
2330, 701.0240151286191, 41
2331, 701.2686235714415, 41
2332, 701.8531558836439, 41
2333, 698.9196319809357, 41
2334, 701.821406758608, 41
2335, 686.5425868365251, 41
2336, 686.599068817108, 41
2337, 672.5838345960965, 41
2338, 673.2656508438026, 41
2339, 671.8770054555307, 41
2340, 672.1934563286525, 41
2341, 674.1145113174039, 41
2342, 669.7047394313436, 41
2343, 668.311960473583, 41
2344, 671.724388879642, 42
2345, 672.0465436304155, 42
2346, 671.8537292806445, 42
2347, 659.7734321031874, 42
2348, 658.9604669332482, 42
2349, 658.58810931061, 42
2350, 672.0875455249638, 42
2351, 670.239052049453, 42
2352, 670.4571211128894, 42
2353, 668.3805068853965, 42
2354, 675.8775973398162, 42
2355, 663.0610480128082, 42
2356, 663.4159842223373, 42
2357, 664.9112831304603, 42
2358, 664.8029010433582, 42
2359, 664.6931131591663, 42
2360, 650.5387134643809, 42
2361, 650.5829766909992, 42
2362, 651.3647019412485, 42
2363, 650.1055230002852, 42
2364, 636.9361906626038, 42
2365, 634.6303709020191, 42
2366, 622.5102843735451, 42
2367, 623.8361345175189, 42
2368, 626.4600270630227, 42
2369, 632.0065630019358, 42
2370, 633.7717951072323, 42
2371, 635.7539205146378, 42
2372, 640.1319739200585, 42
2373, 639.8824928840099, 42
2374, 640.144461851257, 42
2375, 639.9217368911827, 42
2376, 640.1022861813624, 42
2377, 643.7091902500158, 42
2378, 642.6516144388142, 42
2379, 646.542560872041, 42
2380, 654.4035529269133, 42
2381, 642.274680052463, 42
2382, 639.7740697012663, 42
2383, 638.1823284114291, 42
2384, 640.9802489995433, 43
2385, 645.3709323077303, 44
2386, 643.0286404961444, 44
2387, 644.7748753269959, 44
2388, 644.9119722063517, 44
2389, 648.1253272622757, 44
2390, 647.4422608654256, 44
2391, 647.5698290050814, 44
2392, 646.1453343508086, 44
2393, 650.5495108789347, 44
2394, 658.8289772755128, 44
2395, 658.5845501589985, 44
2396, 634.896820464623, 44
2397, 635.2549533822172, 44
2398, 636.7067709005971, 44
2399, 636.38713076797, 44
2400, 639.4971999293767, 45
2401, 639.4403374493622, 45
2402, 637.1990552469073, 45
2403, 642.0539991642165, 46
2404, 641.0078186315507, 46
2405, 636.9001850683633, 45
2406, 652.232433375055, 45
2407, 651.1932481202796, 45
2408, 650.7189180230142, 45
2409, 652.1987509166947, 45
2410, 652.0117228922766, 45
2411, 654.266966311528, 46
2412, 653.7301255743122, 46
2413, 660.3708069924858, 46
2414, 649.3611072060422, 46
2415, 651.4297246717053, 46
2416, 651.5565695422448, 46
2417, 658.8458373882726, 46
2418, 659.9374554922914, 46
2419, 654.6747384569071, 45
2420, 654.1048437387942, 45
2421, 654.0950587884427, 45
2422, 652.0375321982073, 45
2423, 652.1324462130827, 45
2424, 645.4251937278507, 44
2425, 645.4264414002117, 44
2426, 652.759785626332, 44
2427, 660.1513563437015, 44
2428, 648.0925034025231, 44
2429, 646.7390846780522, 44
2430, 629.0693797067543, 44
2431, 628.7512028067863, 44
2432, 627.4801004572608, 44
2433, 626.2435181618566, 44
2434, 614.4553558802334, 44
2435, 613.196334359339, 44
2436, 612.2003664933784, 44
2437, 612.108032110044, 44
2438, 610.2786449241722, 44
2439, 611.396868565809, 44
2440, 611.1009572627178, 44
2441, 610.1288631032531, 44
2442, 612.2495772417954, 44
2443, 597.7242445240818, 43
2444, 598.7873214140923, 43
2445, 598.9529654061856, 43
2446, 602.5503351426759, 44
2447, 592.4426326614224, 44
2448, 592.3247313263428, 44
2449, 591.0215729190905, 44
2450, 596.24905008872, 45
2451, 598.8283847000146, 45
2452, 598.5689908027265, 45
2453, 599.2884375032827, 45
2454, 599.3787282302371, 45
2455, 594.3881377874905, 44
2456, 592.4513543068148, 44
2457, 592.2918369550935, 44
2458, 591.9345230184348, 44
2459, 591.0222499612461, 44
2460, 587.5108934804736, 43
2461, 587.6143616952179, 43
2462, 588.6537394250307, 42
2463, 587.4070199862014, 42
2464, 587.4483327491115, 42
2465, 588.3160868649749, 42
2466, 588.3194542484208, 42
2467, 578.3860261468349, 42
2468, 577.5394060655985, 42
2469, 577.5628934324203, 42
2470, 575.5027497600177, 42
2471, 578.6227260715111, 43
2472, 577.7593500023346, 43
2473, 577.5551215072041, 43
2474, 576.7646346394537, 43
2475, 590.4046988023338, 43
2476, 589.5200172634576, 43
2477, 592.4560269935444, 43
2478, 591.506558039564, 43
2479, 586.5450357194965, 43
2480, 586.5044814817078, 43
2481, 575.8262981740799, 43
2482, 576.699072823309, 43
2483, 579.312667413412, 44
2484, 569.7512720156805, 44
2485, 571.5981561213706, 44
2486, 571.7440088478776, 44
2487, 576.954479466332, 44
2488, 583.6225314894376, 44
2489, 585.3641290455674, 44
2490, 585.298072254484, 44
2491, 586.2059796891377, 44
2492, 591.295885629109, 44
2493, 578.571773185111, 44
2494, 579.654790910521, 44
2495, 578.1613751183337, 44
2496, 579.1266803071559, 44
2497, 579.0358238800418, 44
2498, 579.1973504911972, 44
2499, 579.1239593602804, 44
2500, 579.1017434205614, 44
2501, 581.1758727995694, 44
2502, 581.0744855961582, 44
2503, 583.1957926791599, 44
2504, 583.1045049317029, 44
