0, 0, 8
1, 0, 8
2, 0, 8
3, 1.3862943611198906, 8
4, 0, 8
5, 0, 8
6, 0, 8
7, 0, 8
8, 0, 8
9, 0, 8
10, 16.635532333438686, 8
11, 25.751006598945605, 8
12, 28.91308347477041, 8
13, 17.10666447606422, 8
14, 24.347270801088623, 8
15, 21.42075999657659, 8
16, 19.818383285082316, 8
17, 23.79720889129218, 8
18, 23.79720889129218, 8
19, 28.218760112721334, 8
20, 29.39433344252557, 8
21, 33.76929887625962, 8
22, 33.76929887625962, 8
23, 32.512081557414874, 8
24, 32.512081557414874, 8
25, 4.913815163876109, 8
26, 4.438050526048554, 8
27, 5.6604401287356545, 8
28, 1.9011174692154351, 8
29, 8.187291176868431, 7
30, 4.643514994966677, 7
31, 4.768366100545498, 7
32, 1.4524255124657701, 8
33, 0.7878756841066596, 8
34, 0.8097815314311156, 8
35, 0.43538711217356263, 8
36, 0.5769952813811446, 8
37, 0.817184316734072, 8
38, 0.6653765020914362, 8
39, 0.6028176357291002, 8
40, 2.388486534506473, 9
41, 0.5359136647350894, 8
42, 0.34630622420859514, 8
43, 0.27242688822742966, 8
44, 0.9534485340528518, 8
45, 0.22332725677247334, 8
46, 2.3906868490822983, 7
47, 2.226312307454401, 7
48, 2.4689080519452746, 7
49, 2.2802181210666808, 7
50, 1.838977171414573, 7
51, 2.1759533527270127, 7
52, 1.8793777344847493, 7
53, 1.8016516610472426, 7
54, 1.8368041876463124, 7
55, 1.979379980021937, 7
56, 1.857945393761115, 7
57, 1.8347814554766035, 7
58, 3.4619922435569452, 7
59, 1.5700772138094374, 7
60, 1.445504525713884, 7
61, 1.6122748688147124, 7
62, 1.5705169033929114, 7
63, 1.6203857136175113, 7
64, 1.658360091614971, 7
65, 1.4927704694069188, 7
66, 1.4851094394719437, 7
67, 1.47803112207908, 7
68, 1.4485505843760302, 7
69, 1.4433294448628446, 7
70, 4.714331839402085, 6
71, 5.000480901036035, 6
72, 4.983598696868292, 6
73, 5.0882647100992955, 6
74, 4.729067296743187, 6
75, 4.942955556389439, 6
76, 5.085698431197702, 6
77, 5.01981768303131, 6
78, 4.984547082269742, 6
79, 4.730930098071868, 6
80, 4.959598210548437, 6
81, 5.048474603446017, 6
82, 4.676724380098223, 6
83, 4.7151464610884775, 6
84, 4.8975215578284645, 6
85, 4.881288377211708, 6
86, 4.978671277374159, 6
87, 4.95770047190655, 6
88, 4.884779807922009, 6
89, 4.883975439706939, 6
90, 4.957556317224568, 6
91, 4.905352715544622, 6
92, 4.901416922193264, 6
93, 4.664190743546748, 6
94, 4.8940541980693455, 6
95, 4.865865314128072, 6
96, 4.853279336341605, 6
97, 4.87225229693301, 6
98, 4.594391430235641, 6
99, 4.875269537918738, 6
100, 4.831534095268775, 6
101, 4.892274593911353, 6
102, 4.910530180377592, 6
103, 4.844329863676088, 6
104, 4.686579106492321, 6
105, 4.895034913753009, 6
106, 4.867587054951767, 6
107, 4.813342857801257, 6
108, 4.8084030363987305, 6
109, 4.812311784890641, 6
110, 4.803157500531806, 6
111, 4.852074961190361, 6
112, 4.79402447780784, 6
113, 4.849395943608122, 6
114, 4.777305315351167, 6
115, 4.659457616816166, 6
116, 4.792918767265493, 6
117, 4.777247487822831, 6
118, 4.826911256775935, 6
119, 4.779285245005502, 6
120, 4.830646238258743, 6
121, 4.749186038692593, 6
122, 4.750330247728124, 6
123, 4.812689161398857, 6
124, 4.582910164071917, 6
125, 4.7666830262366755, 6
126, 4.767931055164311, 6
127, 4.7473403585050935, 6
128, 4.761855923956279, 6
129, 4.741274356032445, 6
130, 4.754026738595955, 6
131, 4.775032800287582, 6
132, 4.594278923207284, 6
133, 4.753936622928627, 6
134, 4.726995977901608, 6
135, 4.566557942295716, 6
136, 4.742900957675242, 6
137, 4.590264561901655, 6
138, 4.71086515941616, 6
139, 4.732439521474357, 6
140, 4.700460432432805, 6
141, 4.757509959556518, 6
142, 4.760259891234843, 6
143, 4.587597553860907, 6
144, 4.751085475170369, 6
145, 4.727697043289158, 6
146, 4.735690961073751, 6
147, 4.719771495884714, 6
148, 4.724375969402471, 6
149, 4.717201862249446, 6
150, 4.744554290682641, 6
151, 4.7184700854670965, 6
152, 4.700674904134015, 6
153, 4.706777356911233, 6
154, 4.711076983441621, 6
155, 4.702067551280413, 6
156, 4.706491706259687, 6
157, 4.6973035693844185, 6
158, 4.722129095634118, 6
159, 4.5776147238895115, 6
160, 9.565481916225474, 5
161, 9.541575793683485, 5
162, 9.589369183635165, 5
163, 9.57698300196076, 5
164, 9.413675170970784, 5
165, 9.556215399862053, 5
166, 9.58390944841176, 5
167, 9.543896181495285, 5
168, 9.558312907659397, 5
169, 9.521999461305164, 5
170, 9.51908776223901, 5
171, 9.530985225116437, 5
172, 9.559015075096324, 5
173, 9.53474911752683, 5
174, 9.549232815820654, 5
175, 9.54890308243484, 5
176, 9.552793920058011, 5
177, 9.548711969575375, 5
178, 9.528931954448833, 5
179, 9.547335509027869, 5
180, 9.532359327584905, 5
181, 9.532105994941674, 5
182, 9.537074416798355, 5
183, 9.521718897871782, 5
184, 4.0214522257111005, 6
185, 8.520332738406466, 5
186, 8.538706457608713, 5
187, 8.527025333096855, 5
188, 8.554400650123974, 5
189, 8.514130107325885, 5
190, 8.514237551593139, 5
191, 8.553256284166958, 5
192, 8.534376876188244, 5
193, 8.548089165895963, 5
194, 8.550143202285529, 5
195, 8.351281007294018, 5
196, 8.522000132977672, 5
197, 7.823903289108827, 5
198, 7.852902251604752, 5
199, 7.843625919881763, 5
200, 7.8277344777850795, 5
201, 7.807097064119536, 5
202, 7.815090547233766, 5
203, 7.80042305720252, 5
204, 7.82127612100128, 5
205, 7.806700139982765, 5
206, 7.837874677665883, 5
207, 7.8146906439812165, 5
208, 7.837289219538876, 5
209, 7.804977567555192, 5
210, 7.809153948886369, 5
211, 7.795497905693396, 5
212, 7.806839115376185, 5
213, 7.819688852963377, 5
214, 7.346397486867406, 5
215, 7.3415981599152325, 5
216, 7.333090668810974, 5
217, 7.355596057168523, 5
218, 7.168783190468448, 5
219, 7.175364470081102, 5
220, 7.319744997473022, 5
221, 7.338311827316397, 5
222, 7.317114682880354, 5
223, 7.344224863190838, 5
224, 7.335321300618758, 5
225, 7.337437188094216, 5
226, 7.316621247542601, 5
227, 7.314846205493911, 5
228, 7.324033038056865, 5
229, 7.309253156101532, 5
230, 7.330510688744624, 5
231, 7.312369118884352, 5
232, 7.317098118234138, 5
233, 7.3218513790533235, 5
234, 7.305467855310826, 5
235, 7.338281230090019, 5
236, 7.319334520921684, 5
237, 7.334305435721544, 5
238, 7.164110122661464, 5
239, 7.306751235745743, 5
240, 7.296622955766788, 5
241, 7.1711929417101885, 5
242, 7.301534276240935, 5
243, 7.297332263624531, 5
244, 7.307528514899297, 5
245, 7.317527982132964, 5
246, 7.2952867305004725, 5
247, 7.3043441852402236, 5
248, 7.2863660805207875, 5
249, 7.292491917727078, 5
250, 7.284471225148536, 5
251, 7.289764232028987, 5
252, 7.3075411759537365, 5
253, 7.282944267500763, 5
254, 7.31572841637723, 5
255, 7.286195583463223, 5
256, 7.312514158492307, 5
257, 7.2918912561577995, 5
258, 7.283248792021289, 5
259, 7.273825727000358, 5
260, 7.27598060495974, 5
261, 7.275300870644822, 5
262, 7.279839241024072, 5
263, 7.29727003714351, 5
264, 7.288306264278358, 5
265, 7.271835444948036, 5
266, 7.306469298959531, 5
267, 7.292126830977966, 5
268, 6.900397307037932, 5
269, 6.9157872661740925, 5
270, 6.90156226366218, 5
271, 6.893334670847135, 5
272, 6.922535321387762, 5
273, 6.741710245575334, 5
274, 6.91018841115652, 5
275, 6.9221987743097655, 5
276, 6.911869022868189, 5
277, 6.91343406093863, 5
278, 6.896069098794533, 5
279, 6.891094734525377, 5
280, 6.92354091711518, 5
281, 6.9152422899509585, 5
282, 6.90048449749668, 5
283, 6.878540872455927, 5
284, 6.903798691855416, 5
285, 6.903699145748819, 5
286, 6.899875905018415, 5
287, 6.907452287376139, 5
288, 6.889247919049091, 5
289, 6.892767370210856, 5
290, 6.800393325217468, 5
291, 6.892821996328564, 5
292, 6.8974727483733895, 5
293, 6.885100117153647, 5
294, 6.8881086785523395, 5
295, 6.729104026074236, 5
296, 6.7383828391052125, 5
297, 6.895917914663048, 5
298, 6.883165262815471, 5
299, 6.884859085622023, 5
300, 6.882993902285268, 5
301, 6.876889498502276, 5
302, 6.897378465454503, 5
303, 6.886634743621425, 5
304, 6.898612604102793, 5
305, 6.89418069092446, 5
306, 6.870588694394641, 5
307, 6.878254344068014, 5
308, 6.896303150308394, 5
309, 6.883756796007392, 5
310, 6.888326356895207, 5
311, 6.887238716901882, 5
312, 6.878854407065987, 5
313, 6.875572949907765, 5
314, 6.877754680541225, 5
315, 6.880411166010992, 5
316, 6.7575087428508445, 5
317, 6.878545663432352, 5
318, 6.873164906772493, 5
319, 6.869242767160197, 5
320, 6.878230044457295, 5
321, 6.863352201188986, 5
322, 6.859803360295655, 5
323, 6.874933431997354, 5
324, 6.8767316418227145, 5
325, 6.86146956458434, 5
326, 6.8592928105757185, 5
327, 6.780739312859949, 5
328, 6.867659533862807, 5
329, 6.853839649539876, 5
330, 6.851543578526373, 5
331, 6.866714945157363, 5
332, 9.17789890674811, 5
333, 11.250665646615708, 4
334, 11.226903284092575, 4
335, 11.207056726277752, 4
336, 11.143121456208032, 4
337, 10.312174440583206, 4
338, 9.918034141365627, 4
339, 5.396542778005452, 5
340, 2.3777876161481855, 6
341, 2.3936029227487823, 6
342, 2.399578582414233, 6
343, 2.386006376032486, 6
344, 2.387050951637558, 6
345, 2.389873204417003, 6
346, 2.3954110031307487, 6
347, 2.380013812455735, 6
348, 2.3896681551455883, 6
349, 2.3140384852814857, 6
350, 2.3823121397423344, 6
351, 2.3872859997952296, 6
352, 2.291611106083971, 6
353, 0.5989330357355184, 7
354, 0.6025185453805902, 7
355, 0.6065915514087857, 7
356, 0.6017667005348846, 7
357, 0.593790247108436, 7
358, 0.6019557036717699, 7
359, 0.6001278608949437, 7
360, 0.6048917809255155, 7
361, 0.5914714111410047, 7
362, 0.5968344064045378, 7
363, 0.592709479177, 7
364, 0.5863653905704814, 7
365, 0.5960957894375868, 7
366, 0.5972541088062369, 7
367, 0.594919460009973, 7
368, 0.584262285287636, 7
369, 0.5745656943045527, 7
370, 0.5946918389145461, 7
371, 0.5657935355877619, 7
372, 0.5937711766364979, 7
373, 0.5857206184415227, 7
374, 0.5957086131312072, 7
375, 0.6017227975103558, 7
376, 0.5853814319461904, 7
377, 0.5915813995798391, 7
378, 0.5890622456217283, 7
379, 0.5823016728533513, 7
380, 0.5925476935510947, 7
381, 1.4485126249020377, 7
382, 0.5573214691158259, 7
383, 0.5587458402623549, 7
384, 0.5713955568259081, 7
385, 0.558475452633354, 7
386, 0.5633146050446225, 7
387, 0.5586561331962436, 7
388, 0.5637686492362946, 7
389, 0.5693022898769999, 7
390, 0.5549276443653894, 7
391, 0.5605741243334192, 7
392, 0.5551270392203851, 7
393, 0.5603687426322017, 7
394, 0.5675929845930989, 7
395, 0.5607116663418121, 7
396, 0.5513050195924443, 7
397, 0.5643001589317636, 7
398, 0.5483973919146607, 7
399, 0.5541630516808322, 7
400, 0.5636756553258351, 7
401, 0.5544423649006152, 7
402, 0.5514785975602732, 7
403, 0.5571578532483077, 7
404, 0.5664916453182551, 7
405, 0.549556744895501, 7
406, 0.5517390740862671, 7
407, 0.5541115414826039, 7
408, 0.5563512338496079, 7
409, 0.5594510456199386, 7
410, 0.5539771805643201, 7
411, 0.530226576415288, 7
412, 0.5494579560651718, 7
413, 0.5411900432669243, 7
414, 0.5645484000867682, 7
415, 0.5416216484106302, 7
416, 0.5440377141547392, 7
417, 0.009224596515563614, 8
418, 0.03440326725972256, 8
419, 0.03406127213984792, 8
420, 0.021939146185530632, 8
421, 0.007237767511127259, 8
422, 0.009224336147980523, 8
423, 0.016555027611908243, 8
424, 0.013667965628434763, 8
425, 0.0074778483466771606, 8
426, 0.009436210336737942, 8
427, 0.014023952580933759, 8
428, 0.028841253483492254, 8
429, 0.017680190292597257, 8
430, 0.02286138603977808, 8
431, 0.008789666478724877, 8
432, 0.008915044405360024, 8
433, 0.010824516710147811, 8
434, 0.013187720688632543, 8
435, 0.014420412830195546, 8
436, 0.017102205146382814, 8
437, 0.009074325400302176, 8
438, 0.016339509376134737, 8
439, 0.008540363059839417, 8
440, 0.015757638464977897, 8
441, 0.010530622089075098, 8
442, 0.01080181988696744, 8
443, 0.029993368897122688, 8
444, 0.010722213350937876, 8
445, 0.021670840626080982, 8
446, 0.015899653806304783, 8
447, 0.008936380395590233, 8
448, 0.016571212059988717, 8
449, 0.029505193272125144, 8
450, 0.008394106617812928, 8
451, 0.010802876825559282, 8
452, 0.021980894264408194, 8
453, 0.5097411060341843, 9
454, 0.5062307329217127, 9
455, 0.5172480265855528, 9
456, 0.520472729824241, 9
457, 0.5059610439914665, 9
458, 0.5635400824142496, 9
459, 0.5153842138137871, 9
460, 0.5193264211293963, 9
461, 0.5104345219782042, 9
462, 0.5058364641134142, 9
463, 0.5142189526333015, 9
464, 0.5163514961661922, 9
465, 0.5115184750675572, 9
466, 0.5087940852757717, 9
467, 0.5135114536609832, 9
468, 0.5133016530173241, 9
469, 0.5460574906051564, 9
470, 0.5077120453319846, 9
471, 0.508666602776781, 9
472, 0.5131545217738644, 9
473, 0.5105259248700973, 9
474, 0.5058416924675763, 9
475, 0.4955917054327264, 9
476, 0.49232191932598435, 9
477, 0.4947786310292707, 9
478, 0.49359689358891035, 9
479, 0.4936679509661316, 9
480, 0.5011587081828307, 9
481, 0.4912158210753155, 9
482, 0.5345260763951434, 9
483, 0.4806407033136875, 9
484, 0.48779802596993577, 9
485, 0.4857531776436288, 9
486, 0.4920468844572013, 9
487, 0.4851629788828611, 9
488, 0.48818142402657244, 9
489, 0.4913798691027319, 9
490, 0.48199969114195484, 9
491, 0.4868248606566713, 9
492, 0.49125774086270946, 9
493, 0.5185264305977184, 9
494, 0.4917717356732165, 9
495, 0.48132526403982145, 9
496, 0.4891038069836918, 9
497, 0.4826962603908477, 9
498, 0.48633576817479185, 9
499, 0.48820102013201194, 9
500, 0.49328823391045207, 9
501, 0.48848300191911176, 9
502, 0.49017015239604783, 9
503, 0.4881628890496289, 9
504, 0.4778845427417928, 9
505, 1.126392872052633, 10
506, 0.47253471238948425, 9
507, 0.4814106115717043, 9
508, 0.4815077611720823, 9
509, 0.4695538185032194, 9
510, 0.4721811118828312, 9
511, 0.47100676669426433, 9
512, 0.4740650970911918, 9
513, 0.4671393249627208, 9
514, 0.4692397165697242, 9
515, 0.47084053401068027, 9
516, 0.47110542719530213, 9
517, 0.5194177326828797, 9
518, 0.47026529791662214, 9
519, 0.47174608302748816, 9
520, 0.4755890247195336, 9
521, 0.5790583945080396, 9
522, 0.4731028037608887, 9
523, 0.4719693050690489, 9
524, 0.5101123568869081, 9
525, 0.5928359325935256, 9
526, 4.159789728011068, 11
527, 3.936576603819759, 11
528, 3.941690539163271, 11
529, 3.9393346515671652, 11
530, 3.9386172061681206, 11
531, 3.8601527948915075, 11
532, 5.08116974574436, 12
533, 3.7009766299163647, 11
534, 3.6863421951266626, 11
535, 5.252431267093699, 12
536, 3.6355591104442366, 11
537, 3.7400957584192636, 11
538, 3.570231208903696, 11
539, 6.070403489317315, 12
540, 6.158217398640144, 12
541, 6.07145646123374, 12
542, 6.07038723823366, 12
543, 6.000575706335445, 12
544, 5.877301614762453, 12
545, 5.998508432828535, 12
546, 5.871628359784489, 12
547, 6.0514090383440875, 12
548, 5.784284981464285, 12
549, 5.6905333064021075, 12
550, 5.70267080238184, 12
551, 5.715484394712094, 12
552, 5.677494661416568, 12
553, 5.592785068973165, 12
554, 5.59479497688263, 12
555, 5.5939261729294625, 12
556, 5.597234550114789, 12
557, 5.593296112435294, 12
558, 5.592882288198845, 12
559, 5.594411772020486, 12
560, 5.588607308048261, 12
561, 8.504672940869101, 13
562, 8.503541743606512, 13
563, 8.50481754679184, 13
564, 8.503749428254006, 13
565, 8.50229807488067, 13
566, 8.637025554458813, 13
567, 8.760443598698865, 13
568, 8.495284174279458, 13
569, 12.174761785379125, 14
570, 12.064370258470642, 14
571, 8.368532200982141, 13
572, 8.369706719581515, 13
573, 8.506597365530883, 13
574, 10.277697198053415, 14
575, 7.807141690018939, 13
576, 7.821255007812616, 13
577, 10.911275797759043, 14
578, 10.908975336106336, 14
579, 10.772902935694072, 14
580, 10.770969296097435, 14
581, 10.76790994835366, 14
582, 10.901294564910366, 14
583, 10.767010199671084, 14
584, 10.870005133057555, 14
585, 10.763734125586426, 14
586, 10.867932995977357, 14
587, 10.761766941086458, 14
588, 10.762481349288649, 14
589, 10.763853309174564, 14
590, 10.757326136884613, 14
591, 10.756494968745175, 14
592, 10.764164171582001, 14
593, 10.859755344679678, 14
594, 10.755329534466892, 14
595, 10.883539150794492, 14
596, 10.753141607486256, 14
597, 10.750073893459163, 14
598, 10.625153656311545, 14
599, 10.625159374572387, 14
600, 10.626045488145971, 14
601, 10.622885688231294, 14
602, 10.627296855329803, 14
603, 14.434237199393548, 15
604, 14.282394741406673, 15
605, 14.445896185361248, 15
606, 14.086908682801917, 15
607, 14.08911481219214, 15
608, 13.906237054124164, 15
609, 14.043147413037655, 15
610, 13.9020136603183, 15
611, 13.901397846588361, 15
612, 13.900443569817057, 15
613, 12.37993639282291, 15
614, 9.998211266287395, 14
615, 9.995513338059297, 14
616, 9.996384761913038, 14
617, 10.132191131206374, 14
618, 9.99691638009649, 14
619, 9.992269861694844, 14
620, 10.12950617922902, 14
621, 9.989654991293186, 14
622, 10.107875379173553, 14
623, 10.103746491145595, 14
624, 10.076427907618541, 14
625, 9.979766512246556, 14
626, 9.987669519460376, 14
627, 9.87765109894516, 14
628, 9.875001736059218, 14
629, 9.875231418270769, 14
630, 9.879535352254702, 14
631, 9.876059481617954, 14
632, 9.876393704398442, 14
633, 9.876754286599214, 14
634, 10.008048648817017, 14
635, 9.989710884770941, 14
636, 9.871556766686, 14
637, 10.090780623952849, 14
638, 9.958563218245892, 14
639, 9.867286045225034, 14
640, 9.868374214301056, 14
641, 9.869829396784652, 14
642, 9.865953173509862, 14
643, 9.993099720360803, 14
644, 10.267635767106297, 14
645, 9.863913768235834, 14
646, 10.22905325208522, 14
647, 9.85732008991279, 14
648, 9.980713590993805, 14
649, 9.858185085864289, 14
650, 9.855095590644556, 14
651, 9.738071416233414, 14
652, 8.571003663802907, 14
653, 9.622529264237192, 14
654, 6.531930625179002, 13
655, 6.531980048772556, 13
656, 6.528561175117927, 13
657, 6.529023193661987, 13
658, 6.530116512470018, 13
659, 6.633494369925989, 13
660, 6.52815950059337, 13
661, 6.528537719173123, 13
662, 6.725134192424575, 13
663, 6.526350473627462, 13
664, 6.528763007854159, 13
665, 6.530502295715654, 13
666, 6.526840287143988, 13
667, 6.526346211658183, 13
668, 6.527634988621916, 13
669, 6.524049751304314, 13
670, 6.5251771836633825, 13
671, 6.626632079712872, 13
672, 6.5245888858112915, 13
673, 6.524075887370845, 13
674, 6.715653230908403, 13
675, 6.526136622473393, 13
676, 6.523029831268538, 13
677, 4.208930004996984, 12
678, 4.196116081028166, 12
679, 4.2111403541822705, 12
680, 4.163561201602619, 12
681, 4.114789778603793, 12
682, 4.115616969480596, 12
683, 4.126255121807887, 12
684, 4.122916674183416, 12
685, 4.122509709707418, 12
686, 2.3859119398810273, 11
687, 2.3628235932832524, 11
688, 2.413458135161871, 11
689, 1.0667784015470103, 10
690, 2.168545065962386, 11
691, 2.1983667316495055, 11
692, 2.148047516132504, 11
693, 3.667456103203801, 12
694, 3.6668044685162062, 12
695, 3.742815439136009, 12
696, 3.668770449072292, 12
697, 3.6630444150039603, 12
698, 3.6670090050797297, 12
699, 3.664040298792306, 12
700, 3.6658733165073514, 12
701, 3.665488943208666, 12
702, 3.731875095998882, 12
703, 3.664290578609746, 12
704, 5.666531960638782, 13
705, 5.668826914172998, 13
706, 5.670733478758896, 13
707, 5.761859552140836, 13
708, 5.760839250017677, 13
709, 5.66662191603405, 13
710, 5.66542730418894, 13
711, 5.667885017187741, 13
712, 5.669644274475031, 13
713, 5.669292827213804, 13
714, 5.665776707272876, 13
715, 5.7480126254897765, 13
716, 5.667903707093274, 13
717, 5.666153649065951, 13
718, 5.6648945008271365, 13
719, 5.667572810320873, 13
720, 5.662178380128459, 13
721, 5.746725263443837, 13
722, 5.66410668401441, 13
723, 5.664760580815104, 13
724, 5.662755651302112, 13
725, 5.663639366281458, 13
726, 5.661453474699265, 13
727, 5.660711969589, 13
728, 5.7535553159149, 13
729, 5.66054732294751, 13
730, 3.6532846343099976, 12
731, 3.6622152944915687, 12
732, 3.6544898456556023, 12
733, 3.5939056289548805, 12
734, 3.5919708291533996, 12
735, 3.6814360794229115, 12
736, 3.690889577288417, 12
737, 3.59753496131134, 12
738, 3.5997341778542475, 12
739, 4.6509226780054655, 13
740, 3.4986426663593613, 12
741, 3.5004486584992494, 12
742, 3.499030433389566, 12
743, 3.5949256719277782, 12
744, 3.4965441604239356, 12
745, 3.504939176025764, 12
746, 3.4789924439515643, 12
747, 5.236322918756731, 13
748, 5.233855693636668, 13
749, 5.181721261291747, 13
750, 5.181349294497958, 13
751, 5.35967108491246, 13
752, 5.180006354795778, 13
753, 5.177110995930484, 13
754, 5.177439400471633, 13
755, 5.253346233876102, 13
756, 5.179760425512629, 13
757, 5.260781418196512, 13
758, 5.252110926465042, 13
759, 5.174838005479877, 13
760, 5.249226561907494, 13
761, 5.174411855927887, 13
762, 5.176392085694461, 13
763, 5.172638543132048, 13
764, 5.173767624620289, 13
765, 5.22900537772403, 13
766, 5.174600536404939, 13
767, 5.231807186101918, 13
768, 5.24538062100453, 13
769, 5.131894314136531, 13
770, 5.133924493507225, 13
771, 7.2139319316425965, 14
772, 7.211282939039588, 14
773, 7.213129799981563, 14
774, 7.212541729328645, 14
775, 7.307559814735489, 14
776, 7.139789986763024, 14
777, 7.2076027146184165, 14
778, 7.138790704774197, 14
779, 7.139676373112962, 14
780, 7.136475249046165, 14
781, 7.137350159014762, 14
782, 7.22303045105214, 14
783, 7.136891318043973, 14
784, 7.13860608813143, 14
785, 7.138971166649855, 14
786, 7.221461039077313, 14
787, 7.067876165129165, 14
788, 6.990344897172959, 14
789, 7.087514468273778, 14
790, 9.438387074923876, 15
791, 9.440241199276297, 15
792, 9.437500765039657, 15
793, 9.534025187295025, 15
794, 9.465538950239807, 15
795, 9.443103927170341, 15
796, 9.475333488282878, 15
797, 9.365399718656477, 15
798, 9.370754511403348, 15
799, 9.364069003709819, 15
800, 9.365021610954841, 15
801, 9.363400885065506, 15
802, 9.250546783441328, 15
803, 11.991076786843212, 16
804, 12.072740566394227, 16
805, 11.98992140064135, 16
806, 11.986119791897515, 16
807, 11.986444471312346, 16
808, 9.275039858078387, 15
809, 9.1793424416215, 15
810, 9.17751560036583, 15
811, 11.700303640434466, 16
812, 11.530966057248609, 16
813, 11.42547297172608, 16
814, 11.42687797005768, 16
815, 11.527968206805463, 16
816, 11.525333198433259, 16
817, 11.419657348094411, 16
818, 11.421171476771736, 16
819, 11.419410431200332, 16
820, 11.418748548220114, 16
821, 11.533544622583353, 16
822, 11.498720804019577, 16
823, 11.416542873801472, 16
824, 11.418051144194944, 16
825, 11.416528450194061, 16
826, 11.415768411458131, 16
827, 11.415599036196362, 16
828, 11.413012921593385, 16
829, 11.41306736211437, 16
830, 11.489259793887134, 16
831, 11.408791148943974, 16
832, 11.406669142575234, 16
833, 11.407224521934653, 16
834, 11.405359416437799, 16
835, 7.389721786780814, 15
836, 8.615113291816552, 15
837, 11.058273306267482, 16
838, 11.13749551478175, 16
839, 11.056358041375368, 16
840, 11.059445668034467, 16
841, 11.054106081003306, 16
842, 11.24063382695896, 16
843, 11.053097569122022, 16
844, 11.152004670287239, 16
845, 11.05187719164879, 16
846, 11.052031239615129, 16
847, 11.051971923260945, 16
848, 11.148999549529137, 16
849, 11.052038433827958, 16
850, 11.049917868969226, 16
851, 11.050170073442345, 16
852, 11.050166162839773, 16
853, 11.049856075004541, 16
854, 8.495623682337227, 15
855, 8.394792923381834, 15
856, 8.395705368258074, 15
857, 8.39706682745276, 15
858, 8.398235651309262, 15
859, 10.883221778412805, 16
860, 10.800248852129732, 16
861, 10.906668084384833, 16
862, 10.776136063077606, 16
863, 10.697812622271446, 16
864, 10.795602359899796, 16
865, 10.696671119760058, 16
866, 10.72720010642546, 16
867, 10.705618797354553, 16
868, 10.725552530383816, 16
869, 10.62969227680637, 16
870, 10.628185912271753, 16
871, 10.629352396365185, 16
872, 10.627642490658516, 16
873, 10.700828511241557, 16
874, 10.699230413904086, 16
875, 10.813548032459671, 16
876, 10.714243064085466, 16
877, 10.621330880802837, 16
878, 10.724839991873296, 16
879, 10.620488960946059, 16
880, 10.620831403767045, 16
881, 10.723360331340679, 16
882, 10.535224090518984, 16
883, 10.535696043117234, 16
884, 10.53531000966623, 16
885, 10.533510392057643, 16
886, 10.534184138547516, 16
887, 10.451934137961846, 16
888, 10.653861487499796, 16
889, 10.448847076790692, 16
890, 13.137711197431042, 17
891, 13.057790469560075, 17
892, 10.436595022936743, 16
893, 10.345776618703013, 16
894, 10.333131676924713, 16
895, 10.346734037037923, 16
896, 10.43339051249701, 16
897, 10.330512619715567, 16
898, 10.341896172755598, 16
899, 10.418407264416308, 16
900, 10.327424603432746, 16
901, 10.277111251510824, 16
902, 10.188164588766513, 16
903, 10.25387135349026, 16
904, 12.802249322104794, 17
905, 12.592550325103973, 17
906, 12.589582687834572, 17
907, 12.66541946720137, 17
908, 12.587766824012752, 17
909, 12.587950623857205, 17
910, 12.894723224303027, 17
911, 12.683186307870532, 17
912, 12.583141109924057, 17
913, 12.67973357338867, 17
914, 12.657239675035747, 17
915, 12.582496952661893, 17
916, 12.47671208289196, 17
917, 12.474482017416085, 17
918, 15.306082288865694, 18
919, 15.424606962537283, 18
920, 15.177406703105717, 18
921, 15.296788471965947, 18
922, 15.639559240304902, 18
923, 15.285920219260216, 18
924, 14.164086976456014, 18
925, 12.248168783389215, 17
926, 12.274664757729276, 17
927, 12.169119701417376, 17
928, 12.091395861885024, 17
929, 12.215590457689089, 17
930, 11.971057418103745, 17
931, 14.559886178062179, 18
932, 14.558334095315956, 18
933, 14.559898054419477, 18
934, 14.559727289735914, 18
935, 14.55829299607883, 18
936, 14.55802700935714, 18
937, 14.556530919880416, 18
938, 14.634206906479815, 18
939, 14.553707526878, 18
940, 14.633781330941105, 18
941, 14.74472376733383, 18
942, 14.650419117214664, 18
943, 14.552536415805356, 18
944, 14.549149293316912, 18
945, 14.54928117093434, 18
946, 14.628310120321114, 18
947, 14.549349729700225, 18
948, 14.547653798968948, 18
949, 14.543524578052978, 18
950, 11.631001832194821, 17
951, 11.728821682505124, 17
952, 11.729464886944399, 17
953, 11.626509586872334, 17
954, 11.625910915072879, 17
955, 11.62529924495094, 17
956, 11.712284971759079, 17
957, 11.62367097240259, 17
958, 11.58873034676256, 17
959, 11.499739249953281, 17
960, 11.598520095610166, 17
961, 11.500783955550073, 17
962, 9.219161391362636, 16
963, 9.119283151818342, 16
964, 8.954787085262943, 16
965, 8.87475308119004, 16
966, 11.06949272025381, 17
967, 11.16884546000362, 17
968, 8.781185642446305, 16
969, 8.736134858185864, 16
970, 10.873177815779373, 17
971, 10.892058180123453, 17
972, 10.901577369854357, 17
973, 10.803570276153447, 17
974, 11.007052487687535, 17
975, 10.962850925956843, 17
976, 13.263100981424436, 18
977, 13.259527260135226, 18
978, 13.260939637575103, 18
979, 13.357083769316436, 18
980, 13.260019848454402, 18
981, 13.257535989416567, 18
982, 13.25781313076012, 18
983, 13.258446581158893, 18
984, 13.259751244649316, 18
985, 13.361663769417675, 18
986, 13.255909735523815, 18
987, 13.254892545929778, 18
988, 13.25595639208121, 18
989, 13.25407321763646, 18
990, 13.254942697376073, 18
991, 13.253808848579432, 18
992, 13.254911191476033, 18
993, 13.357917102212621, 18
994, 13.252638657178661, 18
995, 13.25197225366718, 18
996, 11.7829050484034, 18
997, 10.672796397099432, 17
998, 10.671303579822778, 17
999, 10.670052460748856, 17
1000, 10.67218408157726, 17
1001, 9.368907000767782, 17
1002, 10.688070984609006, 17
1003, 10.671069291326154, 17
1004, 10.603182472031918, 17
1005, 10.69521106966309, 17
1006, 10.600533523757862, 17
1007, 10.68241844990312, 17
1008, 10.601710935460192, 17
1009, 8.408957488227442, 16
1010, 8.326641576563441, 16
1011, 8.409710324185486, 16
1012, 8.407757826470483, 16
1013, 8.322674453781243, 16
1014, 8.32274807750259, 16
1015, 8.322786375738588, 16
1016, 8.323722835602577, 16
1017, 8.320849835865292, 16
1018, 8.321059613151453, 16
1019, 8.320523472786368, 16
1020, 8.320157502380699, 16
1021, 8.320557478839687, 16
1022, 8.319176127471065, 16
1023, 8.318875928926465, 16
1024, 8.399564555868029, 16
1025, 10.470633995007475, 17
1026, 10.470475456593162, 17
1027, 10.47047124041623, 17
1028, 8.207585266516823, 16
1029, 8.208481271740839, 16
1030, 8.207484488682232, 16
1031, 8.286805052725757, 16
1032, 6.319496142964788, 15
1033, 6.312605724441856, 15
1034, 6.311492459031979, 15
1035, 6.311549941515116, 15
1036, 6.318782817376012, 15
1037, 6.310350266586039, 15
1038, 6.317974164917764, 15
1039, 6.310094750873747, 15
1040, 6.3098683977904, 15
1041, 6.316721067199758, 15
1042, 6.316593141850342, 15
1043, 8.115495562006888, 16
1044, 8.114578165284115, 16
1045, 8.113858075158083, 16
1046, 8.185351294307974, 16
1047, 8.113816468217069, 16
1048, 6.217386330766012, 15
1049, 7.990432061876007, 16
1050, 7.989241991503512, 16
1051, 7.990195347335314, 16
1052, 7.989339144849123, 16
1053, 7.990937489839506, 16
1054, 7.987109375445771, 16
1055, 6.1463704590786, 15
1056, 6.116018874854836, 15
1057, 6.088192357887808, 15
1058, 6.088741652173139, 15
1059, 6.1649058733820326, 15
1060, 6.094320179254932, 15
1061, 6.156063630725441, 15
1062, 6.094209069092276, 15
1063, 6.086368569668254, 15
1064, 6.086106138308505, 15
1065, 6.084578077907738, 15
1066, 6.09258143492295, 15
1067, 6.206218582721961, 15
1068, 6.050858477370767, 15
1069, 5.1257958843549805, 15
1070, 6.018127518726193, 15
1071, 5.942477481368753, 15
1072, 5.9418739455216745, 15
1073, 5.944215125866465, 15
1074, 5.950586013807877, 15
1075, 5.950240292637355, 15
1076, 5.942124230496006, 15
1077, 5.941325522376226, 15
1078, 5.948827935960077, 15
1079, 5.893051098922076, 15
1080, 6.736868365336289, 16
1081, 5.857336035356804, 15
1082, 5.924963491902639, 15
1083, 5.857534170506769, 15
1084, 5.862636787179383, 15
1085, 5.8622900445692885, 15
1086, 5.863475493124629, 15
1087, 5.863868035159253, 15
1088, 5.854143855015625, 15
1089, 5.862537217069663, 15
1090, 5.861293244550431, 15
1091, 5.9205004223214415, 15
1092, 5.876041905485264, 15
1093, 5.802104639999099, 15
1094, 5.8082833066987725, 15
1095, 5.805958826315065, 15
1096, 5.8062701119016875, 15
1097, 5.774166053961684, 15
1098, 5.787626941101539, 15
1099, 5.6974158124756915, 15
1100, 5.697239079233688, 15
1101, 5.724978891776161, 15
1102, 5.672745488855043, 15
1103, 5.6721955259851455, 15
1104, 4.16171064080881, 14
1105, 4.681456824647793, 15
1106, 5.579722169792154, 15
1107, 5.52094119380207, 15
1108, 5.520705133199401, 15
1109, 5.52140605895157, 15
1110, 5.565818416007133, 15
1111, 5.564750448051591, 15
1112, 5.519305416534269, 15
1113, 5.58194342832201, 15
1114, 5.518994250457187, 15
1115, 4.031738868745843, 14
1116, 4.031414383279225, 14
1117, 4.114749132498208, 14
1118, 4.0806885821658145, 14
1119, 4.031215661508564, 14
1120, 4.080355815008999, 14
1121, 4.032205545275223, 14
1122, 4.030416960775224, 14
1123, 4.030384502272709, 14
1124, 4.030833640397902, 14
1125, 4.029657207924825, 14
1126, 4.029859767975269, 14
1127, 4.029831686103431, 14
1128, 4.030223337296815, 14
1129, 4.030125521070516, 14
1130, 4.030123497585192, 14
1131, 4.1971413495219725, 14
1132, 4.029448575560165, 14
1133, 4.029042170251289, 14
1134, 4.029489233346487, 14
1135, 4.0072390486984375, 14
1136, 4.00698561888205, 14
1137, 4.006525375121501, 14
1138, 4.0075847553154915, 14
1139, 4.116981200056078, 14
1140, 4.0056730494137724, 14
1141, 4.005689936242461, 14
1142, 2.8113692072204426, 13
1143, 2.8492344780749588, 13
1144, 2.838106378415493, 13
1145, 2.7852648647105385, 13
1146, 3.9305747425527393, 14
1147, 2.7831247345491166, 13
1148, 3.833657967533134, 14
1149, 3.8810157271366856, 14
1150, 3.8327523706901605, 14
1151, 3.8339853329964493, 14
1152, 3.885195717040025, 14
1153, 3.8322922068345386, 14
1154, 3.8337716790666727, 14
1155, 3.832907478821074, 14
1156, 3.8858002450563323, 14
1157, 3.8696282126922252, 14
1158, 3.8328172016128192, 14
1159, 3.832083943114358, 14
1160, 3.1301687878948874, 14
1161, 2.689744907934018, 13
1162, 3.7983722671481397, 14
1163, 3.798046760391074, 14
1164, 3.7980767221960345, 14
1165, 3.8488998303631643, 14
1166, 3.798255580455436, 14
1167, 3.7976530770048766, 14
1168, 3.8448371974404, 14
1169, 3.797004982311882, 14
1170, 3.848827623955943, 14
1171, 3.7969058934546727, 14
1172, 3.7977168128468177, 14
1173, 3.796627449847655, 14
1174, 3.842640660293828, 14
1175, 3.7963942628578264, 14
1176, 3.795832721990762, 14
1177, 3.79613272181975, 14
1178, 3.7967785007020405, 14
1179, 3.797139887106913, 14
1180, 3.7954349909736216, 14
1181, 3.7956253795701063, 14
1182, 3.794472777213816, 14
1183, 3.795344802175162, 14
1184, 3.7964583870321587, 14
1185, 3.7949472810779037, 14
1186, 3.793943003456971, 14
1187, 3.840214648139546, 14
1188, 3.7939322973066565, 14
1189, 3.793847942960163, 14
1190, 3.8314509442306477, 14
1191, 3.7933708565435804, 14
1192, 3.793345652994354, 14
1193, 3.7928780461962512, 14
1194, 3.839328585861722, 14
1195, 3.8279934179232145, 14
1196, 3.7925354724213944, 14
1197, 3.792124367342667, 14
1198, 3.315520977898818, 14
1199, 3.7725251237434705, 14
1200, 3.771852451365093, 14
1201, 3.8083323204428083, 14
1202, 3.7721186914836418, 14
1203, 3.7719710103807076, 14
1204, 3.7715971991977035, 14
1205, 3.7726050502459128, 14
1206, 3.7721587518158195, 14
1207, 3.7725611494698077, 14
1208, 3.7723311193664273, 14
1209, 3.7721635608245574, 14
1210, 3.806812084062777, 14
1211, 3.771328150966073, 14
1212, 3.7708710892786037, 14
1213, 3.806105073622537, 14
1214, 3.7704200610246907, 14
1215, 3.77277360926073, 14
1216, 3.805291460486756, 14
1217, 3.770286317980732, 14
1218, 3.7708155717207053, 14
1219, 2.6800065013108525, 13
1220, 2.6442876368484405, 13
1221, 2.6480558277887027, 13
1222, 2.6788484571201083, 13
1223, 3.040554198911235, 14
1224, 2.5990514873414976, 13
1225, 2.6429957564149236, 13
1226, 2.5989081621704146, 13
1227, 2.5981732493692027, 13
1228, 2.5970669050030786, 13
1229, 2.597816576777046, 13
1230, 2.5934764950613, 13
1231, 2.5936898614398576, 13
1232, 2.5970323021461823, 13
1233, 2.592665179522945, 13
1234, 2.594065291152821, 13
1235, 2.5928291664881584, 13
1236, 3.0426915601587208, 14
1237, 2.569269994192076, 13
1238, 2.5683180239189904, 13
1239, 2.6165298833073636, 13
1240, 2.5681436551820913, 13
1241, 2.5675930054269447, 13
1242, 2.554560841164325, 13
1243, 2.5586451393291427, 13
1244, 2.5355782994140807, 13
1245, 2.5342012834188634, 13
1246, 2.5724256072051297, 13
1247, 3.6344847248196337, 14
1248, 3.594644736714259, 14
1249, 4.052691050724342, 15
1250, 4.809428737498529, 15
1251, 4.809734562826686, 15
1252, 4.793402060267975, 15
1253, 4.832194768910101, 15
1254, 4.793621922171398, 15
1255, 4.765937987573662, 15
1256, 4.764790184472937, 15
1257, 4.765011735487892, 15
1258, 4.765285796069557, 15
1259, 4.804499585597038, 15
1260, 3.533667953129472, 14
1261, 3.5825912736192556, 14
1262, 4.7801895974377855, 15
1263, 4.775081304922377, 15
1264, 4.774910785577487, 15
1265, 4.823233008303656, 15
1266, 4.779185406262384, 15
1267, 4.7746347797116195, 15
1268, 4.773125480547513, 15
1269, 4.772798720905303, 15
1270, 4.7784003696585575, 15
1271, 4.772943361957138, 15
1272, 4.772597174084317, 15
1273, 4.77696261081185, 15
1274, 4.778780961041507, 15
1275, 4.777363505303127, 15
1276, 4.776656305419311, 15
1277, 4.820501206033711, 15
1278, 4.74348797748207, 15
1279, 4.749264573960832, 15
1280, 4.744428315233781, 15
1281, 6.108755134711398, 16
1282, 6.216067277623742, 16
1283, 6.10839974444724, 16
1284, 6.10693866050941, 16
1285, 6.1489520576821874, 16
1286, 6.106002540799468, 16
1287, 6.10573079185749, 16
1288, 6.105983892113974, 16
1289, 6.106040197948269, 16
1290, 6.148201620464365, 16
1291, 7.673131798661816, 17
1292, 6.069425127216833, 16
1293, 6.038883346633174, 16
1294, 6.095063672026954, 16
1295, 6.100267669297188, 16
1296, 6.033636985727488, 16
1297, 6.5936268717274125, 17
1298, 6.005741687059251, 16
1299, 6.1257166682752136, 16
1300, 5.986931028336044, 16
1301, 6.137479996242645, 16
1302, 7.433009551779949, 17
1303, 7.343574038119156, 17
1304, 7.343115764489118, 17
1305, 7.341699086066193, 17
1306, 7.342377923753126, 17
1307, 7.342611195563357, 17
1308, 7.390102495889112, 17
1309, 7.388951672926012, 17
1310, 7.341934168743531, 17
1311, 7.341514892377621, 17
1312, 7.466883187871543, 17
1313, 9.02106443043296, 18
1314, 9.085873314246907, 18
1315, 9.019200638867265, 18
1316, 9.01917008878623, 18
1317, 9.019246680673369, 18
1318, 9.018522086514642, 18
1319, 9.017952704968728, 18
1320, 9.01892983749049, 18
1321, 9.018978441541307, 18
1322, 9.019287284916436, 18
1323, 9.08988707233019, 18
1324, 9.018289215192997, 18
1325, 10.871196978095478, 19
1326, 10.918486237516767, 19
1327, 10.917391032050388, 19
1328, 10.840312656423782, 19
1329, 10.838631886986565, 19
1330, 10.838585663761094, 19
1331, 10.838780189093493, 19
1332, 10.841022245816552, 19
1333, 10.838874693928089, 19
1334, 10.999173703780063, 19
1335, 10.913487299731543, 19
1336, 10.83519397401653, 19
1337, 10.835721199972108, 19
1338, 10.889172841738683, 19
1339, 10.835177969934653, 19
1340, 10.910665925448827, 19
1341, 10.833141396049848, 19
1342, 10.90522037604456, 19
1343, 10.834149168298845, 19
1344, 10.834061489160561, 19
1345, 10.833024726148052, 19
1346, 10.03145616340866, 19
1347, 10.837394876839925, 19
1348, 10.780915039024007, 19
1349, 10.77977386285198, 19
1350, 10.833456860151598, 19
1351, 10.780667980010591, 19
1352, 10.777983527709292, 19
1353, 10.777516065119096, 19
1354, 10.854969147231955, 19
1355, 10.832405284584306, 19
1356, 8.865460208365738, 18
1357, 8.858500914521548, 18
1358, 8.856709268613267, 18
1359, 8.85656670541505, 18
1360, 8.856743348104688, 18
1361, 10.677839201428231, 19
1362, 10.603516664379125, 19
1363, 10.627918821368066, 19
1364, 10.522745597094099, 19
1365, 10.521773336490089, 19
1366, 10.522239204034323, 19
1367, 10.589886157340015, 19
1368, 10.521518691219729, 19
1369, 10.589245156148783, 19
1370, 10.572168008346837, 19
1371, 10.519608998667898, 19
1372, 10.585727617411491, 19
1373, 10.591014281810542, 19
1374, 10.585356622501473, 19
1375, 10.518051082216846, 19
1376, 10.517239415873187, 19
1377, 10.515662880636029, 19
1378, 10.516545297191586, 19
1379, 10.724365641696448, 19
1380, 10.513359021758479, 19
1381, 10.514310074412242, 19
1382, 10.515680877154134, 19
1383, 10.513728183596772, 19
1384, 10.51565119608823, 19
1385, 10.513162188541623, 19
1386, 10.448659616473163, 19
1387, 10.449732040785564, 19
1388, 10.522266751423865, 19
1389, 10.514875919316117, 19
1390, 12.389103207152608, 20
1391, 12.392147683725668, 20
1392, 12.390655398746627, 20
1393, 12.459760654724374, 20
1394, 12.460212696302658, 20
1395, 12.342738308996264, 20
1396, 12.413895456987884, 20
1397, 12.414655558640138, 20
1398, 12.225269624606653, 20
1399, 12.225661979355824, 20
1400, 12.224916375167862, 20
1401, 12.240983538297243, 20
1402, 12.169687318342842, 20
1403, 12.246925132234228, 20
1404, 12.239826483890575, 20
1405, 12.239361060607752, 20
1406, 12.12534442560441, 20
1407, 12.125569546306068, 20
1408, 12.1245092650475, 20
1409, 12.125914776853772, 20
1410, 12.153383285606985, 20
1411, 11.920318848959772, 20
1412, 11.995896136397263, 20
1413, 11.920560292313102, 20
1414, 11.917625467120727, 20
1415, 10.036698000548952, 19
1416, 10.04142575996565, 19
1417, 9.971920789563027, 19
1418, 9.971530630725608, 19
1419, 10.672338324259362, 20
1420, 10.637596924722088, 20
1421, 11.687626429518259, 20
1422, 11.690229402583578, 20
1423, 11.688063035189234, 20
1424, 11.759989363096345, 20
1425, 11.687963174148042, 20
1426, 11.688212376467641, 20
1427, 11.642268076801502, 20
1428, 11.642393271419238, 20
1429, 11.642252769600683, 20
1430, 11.767538013761648, 20
1431, 11.68150613218525, 20
1432, 11.604434431098731, 20
1433, 11.604067282465852, 20
1434, 11.526126503038139, 20
1435, 11.45798048898941, 20
1436, 11.48760037550317, 20
1437, 11.412278268131026, 20
1438, 11.41068969302476, 20
1439, 11.410330730541759, 20
1440, 13.348119131617068, 21
1441, 13.346618718603903, 21
1442, 13.347161283654447, 21
1443, 13.344753720326342, 21
1444, 13.425159685268078, 21
1445, 13.344063576771482, 21
1446, 13.292810739804121, 21
1447, 13.227971342649614, 21
1448, 13.307312517285192, 21
1449, 13.22615854864981, 21
1450, 11.311508725715239, 20
1451, 11.317474693194264, 20
1452, 11.389619232794601, 20
1453, 11.309703344114519, 20
1454, 11.302733417562106, 20
1455, 11.307012962014737, 20
1456, 11.299448840051497, 20
1457, 11.299776049471745, 20
1458, 11.263099589509277, 20
1459, 11.233241267275284, 20
1460, 13.04867874912436, 21
1461, 12.971627244942662, 21
1462, 14.913893923659487, 22
1463, 13.630518858546893, 22
1464, 12.836080835553117, 21
1465, 12.843450758833795, 21
1466, 12.869596833829712, 21
1467, 10.8382092080724, 20
1468, 10.81052795235972, 20
1469, 10.819461521496674, 20
1470, 10.821148074066844, 20
1471, 10.81309761743333, 20
1472, 10.760284531639924, 20
1473, 10.81006823648614, 20
1474, 10.731779755825054, 20
1475, 10.820671248301716, 20
1476, 10.670012684113011, 20
1477, 12.388605477004353, 21
1478, 12.389623696797019, 21
1479, 13.542970265624234, 22
1480, 14.23230482973502, 22
1481, 14.17086654943295, 22
1482, 14.121373523131549, 22
1483, 14.119999456137633, 22
1484, 14.195289546069775, 22
1485, 14.119386707642189, 22
1486, 14.122324036940052, 22
1487, 14.119236867687043, 22
1488, 14.118204976952551, 22
1489, 14.042623442565342, 22
1490, 14.043984982373619, 22
1491, 14.100389646362776, 22
1492, 14.124386267652376, 22
1493, 14.039265992211128, 22
1494, 14.112733898899123, 22
1495, 14.118004547186036, 22
1496, 14.037663742778845, 22
1497, 14.040130329587756, 22
1498, 12.193976602057905, 21
1499, 12.135802801669893, 21
1500, 12.09628175086663, 21
1501, 12.08968198159502, 21
1502, 12.095771067944753, 21
1503, 12.094009571362813, 21
1504, 12.09326957575584, 21
1505, 12.143756892549975, 21
1506, 12.159125816690619, 21
1507, 12.08688609448693, 21
1508, 12.084788063353546, 21
1509, 12.062920520788591, 21
1510, 12.059934803146115, 21
1511, 12.022877564437103, 21
1512, 12.03094826698024, 21
1513, 12.0734845825827, 21
1514, 11.993564888484798, 21
1515, 12.072717254574147, 21
1516, 11.999734596403552, 21
1517, 11.998538585818851, 21
1518, 11.963402606401528, 21
1519, 11.969661989717832, 21
1520, 11.963529676145855, 21
1521, 11.21515730436587, 21
1522, 12.888162135748704, 22
1523, 13.586185509801078, 22
1524, 11.748917972211341, 21
1525, 11.724590380018, 21
1526, 11.670956264290993, 21
1527, 11.670138557360165, 21
1528, 11.73848784924224, 21
1529, 11.669871978754902, 21
1530, 11.67160554923948, 21
1531, 11.669477237252853, 21
1532, 11.669862354725208, 21
1533, 12.741335284691575, 22
1534, 13.471162415740391, 22
1535, 13.471071746150432, 22
1536, 13.470909136007643, 22
1537, 13.528630253494805, 22
1538, 13.470008304834243, 22
1539, 13.470153823712021, 22
1540, 13.469339679367168, 22
1541, 13.469130394029762, 22
1542, 13.473109610243833, 22
1543, 13.471079186182864, 22
1544, 13.467643772283342, 22
1545, 13.54637560232189, 22
1546, 13.467433229805367, 22
1547, 13.46705597259473, 22
1548, 13.466392216959868, 22
1549, 13.46609434560918, 22
1550, 13.536309629163597, 22
1551, 13.464873033492967, 22
1552, 13.53544460000669, 22
1553, 13.462513380634121, 22
1554, 13.463177521183372, 22
1555, 13.542298637465933, 22
1556, 13.463597689558675, 22
1557, 12.338751415935892, 22
1558, 11.619405994139031, 21
1559, 13.3445223113123, 22
1560, 13.346298187970003, 22
1561, 11.541267639917459, 21
1562, 11.508280334743834, 21
1563, 11.506657551913273, 21
1564, 10.3221076556568, 21
1565, 11.260244454654478, 21
1566, 11.408707770171205, 21
1567, 11.219825687214088, 21
1568, 11.218340580169478, 21
1569, 11.167028265200315, 21
1570, 11.16638954544906, 21
1571, 11.164766481804207, 21
1572, 11.16384604682121, 21
1573, 11.21454697872084, 21
1574, 10.142095356415457, 21
1575, 9.46492179068666, 20
1576, 9.511093242287183, 20
1577, 7.990357235407062, 19
1578, 7.984155677518997, 19
1579, 7.98238000857577, 19
1580, 7.971615574116822, 19
1581, 6.614667232342844, 18
1582, 6.55453048263271, 18
1583, 6.55989368307608, 18
1584, 6.618703045231559, 18
1585, 6.55892824871715, 18
1586, 6.559748405502033, 18
1587, 7.903832635150879, 19
1588, 9.37458270566922, 20
1589, 9.310515870073226, 20
1590, 9.30940592149447, 20
1591, 9.308136743316481, 20
1592, 7.980676842078699, 19
1593, 7.833569265774495, 19
1594, 7.829154880597827, 19
1595, 7.896607910496828, 19
1596, 7.811324437485126, 19
1597, 7.815455486366725, 19
1598, 7.855206327064256, 19
1599, 7.859442657067644, 19
1600, 7.81327190730987, 19
1601, 9.20515407537065, 20
1602, 9.202870058022356, 20
1603, 9.264935921200447, 20
1604, 10.765941149994463, 21
1605, 10.765986559600435, 21
1606, 8.30085133283469, 20
1607, 9.144660316433345, 20
1608, 9.046900777426234, 20
1609, 11.187513614970253, 22
1610, 12.223037235374498, 22
1611, 12.244280629244294, 22
1612, 11.177116925955444, 22
1613, 12.102540240130724, 22
1614, 12.1030259021485, 22
1615, 12.101924345973675, 22
1616, 12.064894618638096, 22
1617, 10.428770287578644, 21
1618, 10.43504306750962, 21
1619, 10.428067578713412, 21
1620, 10.405272679536521, 21
1621, 10.412759029085084, 21
1622, 10.471712019254227, 21
1623, 10.40493570082727, 21
1624, 10.411513402605085, 21
1625, 11.942457526616412, 22
1626, 11.939647980159823, 22
1627, 12.089495529449362, 22
1628, 11.219357733963642, 22
1629, 11.247330874889531, 22
1630, 10.333535303393775, 21
1631, 10.261808872846538, 21
1632, 10.261042350383478, 21
1633, 10.261225685278397, 21
1634, 10.260743166283866, 21
1635, 10.256078195920198, 21
1636, 10.260148830417574, 21
1637, 10.331045422532345, 21
1638, 11.861942930900337, 22
1639, 11.790463547594449, 22
1640, 10.276249128428038, 21
1641, 10.266129748745657, 21
1642, 10.314245687218843, 21
1643, 10.179275435957013, 21
1644, 10.178009357219542, 21
1645, 10.158950926404176, 21
1646, 10.163557531485095, 21
1647, 10.16307594317116, 21
1648, 10.1427203061659, 21
1649, 10.14306718423867, 21
1650, 10.13529292110107, 21
1651, 10.204294702202787, 21
1652, 10.136269986002771, 21
1653, 10.134193248863891, 21
1654, 10.14007659483903, 21
1655, 10.18913606684461, 21
1656, 8.750368489985501, 20
1657, 8.750709274945033, 20
1658, 8.684560543873449, 20
1659, 8.657263994310375, 20
1660, 8.657885797404726, 20
1661, 8.72238087602978, 20
1662, 8.661282680976168, 20
1663, 10.059944262209104, 21
1664, 10.058654610645657, 21
1665, 8.609632722254185, 20
1666, 8.609483310719225, 20
1667, 8.680853623793254, 20
1668, 8.732258746647103, 20
1669, 8.575359485077575, 20
1670, 8.56769199897693, 20
1671, 8.551804339388656, 20
1672, 9.936356676446971, 21
1673, 9.936480434191191, 21
1674, 10.057778800383888, 21
1675, 9.93958124349093, 21
1676, 9.940875934079607, 21
1677, 9.9353147846283, 21
1678, 10.008042016278408, 21
1679, 9.982204385777532, 21
1680, 10.055438262399656, 21
1681, 9.934133597771611, 21
1682, 9.938565944847566, 21
1683, 10.000500629220046, 21
1684, 9.933776927039098, 21
1685, 9.937368173520467, 21
1686, 9.929983853985348, 21
1687, 9.936668808013726, 21
1688, 9.929785637096364, 21
1689, 9.929059882183008, 21
1690, 9.945132606630668, 21
1691, 9.872804998538617, 21
1692, 9.873093761424501, 21
1693, 11.407137302084875, 22
1694, 11.475832949081086, 22
1695, 13.053663044499725, 23
1696, 14.744330083616504, 24
1697, 12.996590445811309, 23
1698, 13.03763729322916, 23
1699, 12.964426439656057, 23
1700, 12.967287243291725, 23
1701, 13.01970825102467, 23
1702, 12.966613473311075, 23
1703, 13.028264073620297, 23
1704, 11.292786163946314, 22
1705, 11.280445503884787, 22
1706, 12.880502392956696, 23
1707, 12.803343905079622, 23
1708, 12.869295290834781, 23
1709, 12.801506583405395, 23
1710, 12.737968623773028, 23
1711, 12.688026121509921, 23
1712, 12.688742186924333, 23
1713, 12.689279521328366, 23
1714, 12.761765896874905, 23
1715, 12.691979400976706, 23
1716, 11.176284721230136, 22
1717, 11.028335581162308, 22
1718, 11.023130061684455, 22
1719, 11.07372057640384, 22
1720, 12.519613418048356, 23
1721, 12.589528189897882, 23
1722, 12.517847294927565, 23
1723, 12.484513119504294, 23
1724, 12.55812292243423, 23
1725, 12.489283573541005, 23
1726, 14.089239657319855, 24
1727, 14.14611065595604, 24
1728, 12.329229428424103, 23
1729, 12.884475956879891, 24
1730, 12.27236141810581, 23
1731, 13.999585793068189, 24
1732, 13.9215857338586, 24
1733, 14.083252173435083, 24
1734, 13.850884970828442, 24
1735, 13.850277969093952, 24
1736, 13.901952395608909, 24
1737, 13.793576280663363, 24
1738, 13.707876971301678, 24
1739, 13.708048298134855, 24
1740, 13.710155145583386, 24
1741, 13.845170930062814, 24
1742, 13.707350686300675, 24
1743, 13.705612072927908, 24
1744, 13.703996893502003, 24
1745, 13.705885635924046, 24
1746, 13.703828241239158, 24
1747, 13.70370943273355, 24
1748, 13.755937464884134, 24
1749, 13.703795216434559, 24
1750, 13.704528345745114, 24
1751, 13.773939739717713, 24
1752, 13.701005053099234, 24
1753, 13.767219648868677, 24
1754, 14.397999690675384, 25
1755, 15.403378292904588, 25
1756, 15.398565695724944, 25
1757, 13.67517062061886, 24
1758, 12.012434089516098, 23
1759, 12.011723573166233, 23
1760, 12.005065539658258, 23
1761, 12.011555156737, 23
1762, 10.516011936038586, 22
1763, 10.45362401894199, 22
1764, 10.527617122758556, 22
1765, 11.881479138144051, 23
1766, 11.92393217670325, 23
1767, 11.936576867762161, 23
1768, 13.387546684768619, 24
1769, 13.348232048065867, 24
1770, 13.344076997141329, 24
1771, 13.314737843055998, 24
1772, 13.283466390648755, 24
1773, 13.284528333106636, 24
1774, 13.2832046361255, 24
1775, 13.289202845363306, 24
1776, 14.914003139915753, 25
1777, 14.808519959240268, 25
1778, 13.780716948186884, 25
1779, 13.125097277159234, 24
1780, 13.119176766221951, 24
1781, 12.449373611484328, 24
1782, 14.619112582321598, 25
1783, 14.616262469807799, 25
1784, 14.617642064287239, 25
1785, 14.577834738508896, 25
1786, 14.652247431233052, 25
1787, 14.578560737146393, 25
1788, 14.60964171874353, 25
1789, 14.56955394028774, 25
1790, 14.574886971005084, 25
1791, 14.576844246045184, 25
1792, 14.499694836274301, 25
1793, 14.570840986187418, 25
1794, 14.467574396530468, 25
1795, 14.539821008984891, 25
1796, 14.534921906494457, 25
1797, 14.428193720349936, 25
1798, 14.429289632018417, 25
1799, 14.430033697308891, 25
1800, 14.42934974614225, 25
1801, 14.429539810905391, 25
1802, 14.426662967748674, 25
1803, 14.446320687779027, 25
1804, 14.459168006555394, 25
1805, 16.175827626941533, 26
1806, 14.400039775239934, 25
1807, 14.3962105717995, 25
1808, 14.394304686786453, 25
1809, 14.358713566012865, 25
1810, 12.427742802821815, 25
1811, 11.130338874279747, 23
1812, 11.131797423832861, 23
1813, 11.125159380998713, 23
1814, 12.562261443001749, 24
1815, 12.561331194996505, 24
1816, 12.555744113052569, 24
1817, 11.898067338379946, 24
1818, 9.741198057946146, 22
1819, 10.29482525179013, 23
1820, 9.566853061543394, 22
1821, 9.509432867113178, 22
1822, 8.189870711785943, 21
1823, 8.190744720354417, 21
1824, 8.19097772305772, 21
1825, 8.222978407643865, 21
1826, 8.154851225520838, 21
1827, 8.16023537246649, 21
1828, 8.134255800855556, 21
1829, 8.115615118949089, 21
1830, 8.115412336577371, 21
1831, 9.444022698356012, 22
1832, 10.791483345579737, 23
1833, 10.7235301941624, 23
1834, 10.621298333499842, 23
1835, 10.623484707031015, 23
1836, 10.68228312873072, 23
1837, 10.668604889094846, 23
1838, 10.614487407278874, 23
1839, 10.615984903941062, 23
1840, 10.620443919807235, 23
1841, 10.61430078101046, 23
1842, 10.614872018066194, 23
1843, 10.646808104458895, 23
1844, 10.596317442296323, 23
1845, 10.601801815525059, 23
1846, 10.579211120779487, 23
1847, 10.54858462897017, 23
1848, 10.60890887259865, 23
1849, 9.155957892957526, 22
1850, 9.21269368378233, 22
1851, 9.212758084727469, 22
1852, 9.155210537978157, 22
1853, 9.141180169694204, 22
1854, 9.19460157123008, 22
1855, 9.141116069275506, 22
1856, 9.138021313545117, 22
1857, 9.258083649725833, 22
1858, 9.136481289990614, 22
1859, 9.202746906318943, 22
1860, 9.186494690528775, 22
1861, 9.13458767844422, 22
1862, 9.196622391075735, 22
1863, 9.134485722381681, 22
1864, 9.134039884042105, 22
1865, 9.13705785803217, 22
1866, 9.190603596535722, 22
1867, 9.119603508733311, 22
1868, 9.179381346293855, 22
1869, 9.165121431244213, 22
1870, 7.90356173280707, 21
1871, 7.890134818774396, 21
1872, 7.895449206423843, 21
1873, 9.096797119706158, 22
1874, 9.086233634305202, 22
1875, 9.089948436156151, 22
1876, 9.027876199832058, 22
1877, 9.048123942178979, 22
1878, 8.958373049319965, 22
1879, 9.018659306711635, 22
1880, 8.957364498235581, 22
1881, 8.995547940240684, 22
1882, 8.975065860529451, 22
1883, 8.929296075101963, 22
1884, 8.934279616938074, 22
1885, 8.933677497505968, 22
1886, 8.89181467172012, 22
1887, 8.89167680144777, 22
1888, 9.595920682255258, 23
1889, 8.853619543591549, 22
1890, 10.076331460424557, 23
1891, 8.796471433090344, 22
1892, 8.79583082392207, 22
1893, 9.995738683643305, 23
1894, 9.96942021954041, 23
1895, 10.012079369502613, 23
1896, 9.968888444954409, 23
1897, 10.024391649111708, 23
1898, 10.011999351369727, 23
1899, 9.968104302095583, 23
1900, 9.195682525194885, 23
1901, 9.929386610776975, 23
1902, 9.975001103132282, 23
1903, 9.89376261075453, 23
1904, 9.893730295165744, 23
1905, 11.293628414268856, 24
1906, 9.95403890394243, 23
1907, 10.020323145508204, 23
1908, 9.889063228227544, 23
1909, 10.412227111217415, 24
1910, 11.202087403778977, 24
1911, 9.87485752229665, 23
1912, 11.194526255676129, 24
1913, 11.145935080359656, 24
1914, 11.122380042684, 24
1915, 11.130036966490104, 24
1916, 11.188893979549507, 24
1917, 11.126261241272479, 24
1918, 12.52747256852005, 25
1919, 13.949308573010768, 26
1920, 13.999801757992106, 26
1921, 13.946176266871465, 26
1922, 14.009561293325984, 26
1923, 13.945062423450906, 26
1924, 13.919950912348842, 26
1925, 13.989679052209201, 26
1926, 13.91890131758591, 26
1927, 13.989651055713932, 26
1928, 13.263169228071211, 26
1929, 12.411723419899264, 25
1930, 12.409763156915819, 25
1931, 12.405900893678284, 25
1932, 12.374534585435015, 25
1933, 12.373138406056176, 25
1934, 12.370166072634742, 25
1935, 12.36953952178417, 25
1936, 12.374780024024691, 25
1937, 12.505808775921343, 25
1938, 11.85142418439777, 25
1939, 10.943990090745382, 24
1940, 12.327792930755852, 25
1941, 12.328180246602336, 25
1942, 12.253817900298522, 25
1943, 12.25219404524848, 25
1944, 12.243936377526198, 25
1945, 12.245291262295053, 25
1946, 13.700774708693896, 26
1947, 13.636124531141073, 26
1948, 13.686066359048434, 26
1949, 12.803216691738626, 26
1950, 13.745817806451761, 26
1951, 13.6015262222353, 26
1952, 13.738006027906438, 26
1953, 13.735895191825838, 26
1954, 13.670763011447747, 26
1955, 13.73146846083899, 26
1956, 13.60242221838276, 26
1957, 13.6009229105133, 26
1958, 13.599975169776013, 26
1959, 13.602658979076423, 26
1960, 13.70057225821514, 26
1961, 13.563140269729915, 26
1962, 13.560056349095133, 26
1963, 13.56039734234612, 26
1964, 13.561353262590455, 26
1965, 13.580737308644126, 26
1966, 13.513615456368823, 26
1967, 13.58151579660285, 26
1968, 10.819942929438206, 24
1969, 11.96682569892057, 25
1970, 11.966397617102116, 25
1971, 11.93478199405308, 25
1972, 11.935843050476668, 25
1973, 11.991830697249114, 25
1974, 11.981204870776576, 25
1975, 11.936260981631062, 25
1976, 11.93115279326862, 25
1977, 11.908134305918384, 25
1978, 11.883647366815001, 25
1979, 11.929484050437354, 25
1980, 11.881604664248643, 25
1981, 11.883052810536439, 25
1982, 11.881911668118901, 25
1983, 11.322089679305504, 25
1984, 11.83526562928859, 25
1985, 11.892908317978106, 25
1986, 11.964235762985874, 25
1987, 11.833774935280955, 25
1988, 11.89535233214711, 25
1989, 11.891933250875296, 25
1990, 11.832891777013051, 25
1991, 11.833424986322981, 25
1992, 11.831052797705263, 25
1993, 11.876203820679809, 25
1994, 11.937207244255836, 25
1995, 11.830149034824595, 25
1996, 11.830113475401419, 25
1997, 11.893640447334972, 25
1998, 11.828698789273945, 25
1999, 12.017464484470576, 25
2000, 11.027750820900769, 25
2001, 11.803314783773658, 25
2002, 11.804771647854338, 25
2003, 11.847770185822469, 25
2004, 11.802147406449244, 25
2005, 11.802438948796361, 25
2006, 13.20930135125916, 26
2007, 13.211591444122991, 26
2008, 13.255464941021796, 26
2009, 13.281711261764215, 26
2010, 13.170884149424209, 26
2011, 14.650411883703036, 27
2012, 14.64966728437016, 27
2013, 14.648307119552303, 27
2014, 13.253334887174367, 26
2015, 13.162274316551581, 26
2016, 13.162262537236641, 26
2017, 13.101255248166447, 26
2018, 13.147449686187908, 26
2019, 13.100969165359533, 26
2020, 13.160388060795643, 26
2021, 13.09910031038552, 26
2022, 13.098230520975193, 26
2023, 13.099767903899723, 26
2024, 13.206029464917943, 26
2025, 13.09895809030831, 26
2026, 13.144161236878958, 26
2027, 13.06993242940551, 26
2028, 13.117928121718117, 26
2029, 11.690534267133627, 25
2030, 11.630643076746805, 25
2031, 11.684921882646194, 25
2032, 11.675243376416791, 25
2033, 11.688483613816244, 25
2034, 11.682711920567597, 25
2035, 11.62722811051493, 25
2036, 11.671298222705307, 25
2037, 11.624986439562504, 25
2038, 11.733423871228364, 25
2039, 11.624424361718354, 25
2040, 11.730089341907425, 25
2041, 13.012163542252866, 26
2042, 13.010121667824173, 26
2043, 13.010612625215305, 26
2044, 13.047307249128806, 26
2045, 12.98303447114399, 26
2046, 12.981335414747209, 26
2047, 14.440681181725278, 27
2048, 14.439715375390435, 27
2049, 15.356483777301074, 28
2050, 15.960760223045892, 28
2051, 16.02630543084064, 28
2052, 16.02473829086078, 28
2053, 15.109814657847481, 28
2054, 15.930289201969, 28
2055, 15.993042035473671, 28
2056, 15.971176322198726, 28
2057, 15.905625557223917, 28
2058, 15.90537128538596, 28
2059, 15.974960954854058, 28
2060, 15.903734746925629, 28
2061, 15.872469628580014, 28
2062, 16.160761170990742, 28
2063, 15.87424355341463, 28
2064, 15.939565314867462, 28
2065, 17.458925688824653, 29
2066, 17.432560572941142, 29
2067, 17.395012978343733, 29
2068, 17.391976287998876, 29
2069, 15.776198878955656, 28
2070, 15.682068954279371, 28
2071, 14.781270132218074, 28
2072, 15.72105300911508, 28
2073, 15.652587199590588, 28
2074, 14.7614352866498, 28
2075, 14.133828296053345, 27
2076, 12.665468581380704, 26
2077, 12.661212402792215, 26
2078, 12.647202049559944, 26
2079, 12.68744441728261, 26
2080, 12.691916215112853, 26
2081, 12.64622523161476, 26
2082, 11.311296151793373, 25
2083, 11.258429149285588, 25
2084, 12.499789821768287, 26
2085, 12.471235757407845, 26
2086, 12.451822907833598, 26
2087, 12.567575020732653, 26
2088, 13.907449341179952, 27
2089, 13.841083669691994, 27
2090, 13.959589484148985, 27
2091, 13.880237477377523, 27
2092, 13.817174391848642, 27
2093, 13.818120073562184, 27
2094, 13.816431932993996, 27
2095, 12.971813723181715, 27
2096, 13.830050007344727, 27
2097, 13.736720768760545, 27
2098, 13.762785185009232, 27
2099, 13.751734012594508, 27
2100, 12.846947562976805, 27
2101, 13.052840891886063, 27
2102, 12.432392099305325, 26
2103, 13.560965121491911, 27
2104, 13.55931781886532, 27
2105, 13.653159727005448, 27
2106, 13.535419659355423, 27
2107, 13.596929078633245, 27
2108, 14.16128082654378, 28
2109, 13.495886401150301, 27
2110, 13.474001101109927, 27
2111, 13.539887690189147, 27
2112, 13.531096781029557, 27
2113, 14.833499008652899, 28
2114, 14.807000367746998, 28
2115, 13.46127463796239, 27
2116, 13.3902362953651, 27
2117, 13.433512494802462, 27
2118, 13.426739292831066, 27
2119, 13.364649029537297, 27
2120, 13.36819247689372, 27
2121, 12.585459827262115, 27
2122, 12.037389312545743, 26
2123, 12.038952701443502, 26
2124, 13.358741923387262, 27
2125, 13.28384628952072, 27
2126, 14.633418458524933, 28
2127, 14.68303956196442, 28
2128, 14.675346344028728, 28
2129, 14.610173997912849, 28
2130, 14.673245116578258, 28
2131, 14.606588152601159, 28
2132, 14.610205827675632, 28
2133, 14.546061402829137, 28
2134, 13.980358947764838, 28
2135, 13.152812203135433, 27
2136, 13.26389513972142, 27
2137, 13.158110683632131, 27
2138, 13.107672797059598, 27
2139, 11.738276779813553, 26
2140, 11.798178921358302, 26
2141, 11.781723912390598, 26
2142, 11.71577664449288, 26
2143, 13.030460108929208, 27
2144, 13.013301766401437, 27
2145, 12.992290968999635, 27
2146, 13.050907274571586, 27
2147, 14.291677441678907, 28
2148, 14.29018377145885, 28
2149, 12.921833688116537, 27
2150, 12.876161470979923, 27
2151, 12.877278025295263, 27
2152, 12.857571457556674, 27
2153, 12.858954559667243, 27
2154, 11.522422226941151, 26
2155, 11.565560699429946, 26
2156, 11.50495934272337, 26
2157, 11.503104729358244, 26
2158, 11.555817527427713, 26
2159, 11.621640294535325, 26
2160, 14.14769871228168, 28
2161, 14.120125487989288, 28
2162, 13.330271937048352, 28
2163, 14.143321785580529, 28
2164, 14.097753370317342, 28
2165, 14.094638900168778, 28
2166, 14.093624110358746, 28
2167, 14.07106862329612, 28
2168, 14.071792184778616, 28
2169, 14.048791690858131, 28
2170, 14.048839231279796, 28
2171, 14.051176104957804, 28
2172, 14.025533118042922, 28
2173, 14.023998417613608, 28
2174, 14.02507901035969, 28
2175, 14.135779307785135, 28
2176, 14.21723385944664, 28
2177, 12.636171428185753, 27
2178, 11.874389924369654, 27
2179, 12.596097005330254, 27
2180, 12.650224195394333, 27
2181, 12.573654099675666, 27
2182, 12.574298026408616, 27
2183, 12.618954290984796, 27
2184, 12.628202833835143, 27
2185, 12.663016686621319, 27
2186, 12.572174908829316, 27
2187, 11.299414937441517, 26
2188, 11.257089826329793, 26
2189, 11.258037948684622, 26
2190, 11.22562299345122, 26
2191, 10.098564349620226, 25
2192, 10.055111394446282, 25
2193, 10.032825261119687, 25
2194, 10.017515939848124, 25
2195, 10.470439085814375, 26
2196, 11.136969373699351, 26
2197, 10.453276973018916, 26
2198, 9.9545715253524, 25
2199, 9.953346555167617, 25
2200, 9.99784650226259, 25
2201, 9.94502200522761, 25
2202, 9.995982607662642, 25
2203, 9.937906905982839, 25
2204, 8.779134640609783, 24
2205, 8.779890706499819, 24
2206, 8.775100541491394, 24
2207, 8.780349825624786, 24
2208, 8.778572019527664, 24
2209, 8.750935867993723, 24
2210, 8.83416145230947, 24
2211, 8.788462331126278, 24
2212, 8.727703461901976, 24
2213, 8.818688092657299, 24
2214, 8.716898732813412, 24
2215, 9.768253871569167, 25
2216, 9.768567631104665, 25
2217, 9.769602715549416, 25
2218, 9.755452642396458, 25
2219, 9.755261472277247, 25
2220, 9.754999825075267, 25
2221, 9.755823364219784, 25
2222, 9.75650340229077, 25
2223, 9.755825558399575, 25
2224, 9.754997229959494, 25
2225, 9.754866789342934, 25
2226, 9.755554607963754, 25
2227, 9.738062075797323, 25
2228, 9.739973412353823, 25
2229, 8.650026097407487, 24
2230, 8.614714545155929, 24
2231, 8.613364445515062, 24
2232, 8.61401081084867, 24
2233, 8.613141602711007, 24
2234, 8.613039885575008, 24
2235, 9.758444627942856, 25
2236, 9.706340306862577, 25
2237, 9.707131945625294, 25
2238, 9.70617798197948, 25
2239, 9.70636604965705, 25
2240, 9.706503429549855, 25
2241, 9.704464630631753, 25
2242, 9.70716713460881, 25
2243, 9.70471116845326, 25
2244, 9.743941137932877, 25
2245, 9.705077207257945, 25
2246, 9.678718692393007, 25
2247, 9.677202250505847, 25
2248, 9.676498728055787, 25
2249, 9.7592881499127, 25
2250, 9.633980553897999, 25
2251, 9.634043906271385, 25
2252, 9.684307821479802, 25
2253, 9.680776590273611, 25
2254, 9.632863703016596, 25
2255, 8.554869790297957, 24
2256, 9.230697401884308, 25
2257, 9.548824432355708, 25
2258, 9.54712064482007, 25
2259, 8.930917685606596, 25
2260, 9.518362189237918, 25
2261, 9.519772072731005, 25
2262, 9.56684948554612, 25
2263, 9.518867332746078, 25
2264, 9.518503585833562, 25
2265, 9.520209948389322, 25
2266, 9.566856359214263, 25
2267, 9.557595509756196, 25
2268, 9.517997517420298, 25
2269, 9.500468571916631, 25
2270, 9.499283023689008, 25
2271, 9.999890986889024, 26
2272, 9.486744862561352, 25
2273, 9.474421054793218, 25
2274, 9.474087516509739, 25
2275, 8.851086929473555, 25
2276, 8.410078661963643, 24
2277, 8.509396244225844, 24
2278, 8.408402868748244, 24
2279, 8.387192968316642, 24
2280, 9.457076728053591, 25
2281, 9.457020396959035, 25
2282, 10.514284077574107, 26
2283, 10.512718644494077, 26
2284, 10.604347962285084, 26
2285, 10.512811720272529, 26
2286, 10.608141635464731, 26
2287, 10.563015671968822, 26
2288, 11.69778504915361, 27
2289, 11.681557533749036, 27
2290, 11.679894733724911, 27
2291, 11.682196318812066, 27
2292, 11.716361928677948, 27
2293, 11.663937472596508, 27
2294, 11.714878554814561, 27
2295, 11.664341789186906, 27
2296, 11.667554002970869, 27
2297, 11.615671843246957, 27
2298, 11.655059880773829, 27
2299, 11.588792507954635, 27
2300, 11.639133568819803, 27
2301, 12.823762831357342, 28
2302, 12.802377607111065, 28
2303, 12.801609766663471, 28
2304, 12.861269708559657, 28
2305, 12.899510219515761, 28
2306, 12.799105860223175, 28
2307, 12.843763203734891, 28
2308, 13.437701214150948, 29
2309, 12.786321063020612, 28
2310, 11.551495174276669, 27
2311, 11.150214720933176, 27
2312, 10.37190955551853, 26
2313, 11.98011265400381, 28
2314, 12.65006386383135, 28
2315, 12.619521694613523, 28
2316, 11.336227498006757, 27
2317, 11.388515071045974, 27
2318, 11.333470087435021, 27
2319, 11.428576352245988, 27
2320, 11.33348779286205, 27
2321, 11.334540331082056, 27
2322, 11.33141262686355, 27
2323, 11.37241547094949, 27
2324, 11.367861496160964, 27
2325, 11.398212482322151, 27
2326, 11.315487590086766, 27
2327, 11.370864054946788, 27
2328, 11.31620675576019, 27
2329, 11.405045150953187, 27
2330, 11.300376331317366, 27
2331, 11.29925073321939, 27
2332, 11.28646385046159, 27
2333, 11.297526016015842, 27
2334, 11.255170057305035, 27
2335, 11.255421332648327, 27
2336, 10.137866186052298, 26
2337, 10.089479503365483, 26
2338, 10.138083925862908, 26
2339, 10.088404278683953, 26
2340, 10.088701362600146, 26
2341, 10.085957806739078, 26
2342, 10.086388203349683, 26
2343, 10.086616966649979, 26
2344, 10.08604896587551, 26
2345, 10.085582030621378, 26
2346, 10.793942223963874, 27
2347, 10.062241020204345, 26
2348, 10.100064713479924, 26
2349, 10.04989866090839, 26
2350, 10.048337600675728, 26
2351, 10.048135624243429, 26
2352, 10.09454703841566, 26
2353, 10.047059125330279, 26
2354, 9.728373387707974, 26
2355, 10.109727618446984, 26
2356, 10.006494210083295, 26
2357, 9.00712954912656, 25
2358, 8.91286751320604, 25
2359, 7.927698284989889, 24
2360, 7.884276107990212, 24
2361, 7.885158691458404, 24
2362, 7.885083552089408, 24
2363, 7.883965424973566, 24
2364, 7.926033178923048, 24
2365, 7.884040441641668, 24
2366, 7.8840871971098325, 24
2367, 8.935024404348376, 25
2368, 7.906277524506703, 24
2369, 7.946667765525808, 24
2370, 7.901614817094202, 24
2371, 7.918610642417814, 24
2372, 7.915434547545944, 24
2373, 7.902551729006095, 24
2374, 7.842636855358315, 24
2375, 7.842760338623266, 24
2376, 6.489268528747787, 23
2377, 7.042892302497054, 23
2378, 6.90224233939789, 23
2379, 6.9068015022810725, 23
2380, 6.954734231081796, 23
2381, 6.900582641728711, 23
2382, 8.21068987360765, 25
2383, 8.749974412428761, 25
2384, 8.80307933378045, 25
2385, 8.752614127299157, 25
2386, 8.750479511352085, 25
2387, 8.752156186330074, 25
2388, 7.761612129000125, 24
2389, 7.776549498203834, 24
2390, 7.778700890806423, 24
2391, 7.772850083937616, 24
2392, 7.769155366437518, 24
2393, 7.724885392099169, 24
2394, 8.159208756424842, 25
2395, 7.6929675302393745, 24
2396, 7.740128314398525, 24
2397, 8.672641856944928, 25
2398, 7.721874214963786, 24
2399, 8.63534769542139, 25
2400, 9.075192818493305, 26
2401, 8.558633060108548, 25
2402, 8.614209597769321, 26
2403, 9.494328238352914, 26
2404, 9.481353170319753, 26
2405, 9.519636175445708, 26
2406, 9.46947970716656, 26
2407, 9.468796447931613, 26
2408, 9.457489539502841, 26
2409, 8.41224208879654, 25
2410, 8.406032188749371, 25
2411, 9.359877956011832, 26
2412, 8.407555683502483, 25
2413, 8.369528209381755, 25
2414, 8.457946648122517, 25
2415, 8.37038442551232, 25
2416, 8.37176398574474, 25
2417, 8.371723459697876, 25
2418, 8.452885430511401, 25
2419, 8.462733251209356, 25
2420, 8.367561257797712, 25
2421, 8.357185690850526, 25
2422, 8.388269120084013, 25
2423, 8.382145628069921, 25
2424, 8.348366999480106, 25
2425, 8.395131384941562, 25
2426, 7.811662499698865, 25
2427, 8.368146001799389, 25
2428, 8.31433923429727, 25
2429, 8.2887798428566, 25
2430, 8.289070929836088, 25
2431, 8.289071976635242, 25
2432, 8.311656992551548, 25
2433, 8.32823632309588, 25
2434, 8.214937456462275, 25
2435, 7.363155596543409, 24
2436, 7.314363619937415, 24
2437, 8.197454131905422, 25
2438, 8.175091561624349, 25
2439, 8.176967281917857, 25
2440, 8.173336895799425, 25
2441, 9.146610709379583, 26
2442, 10.117924132542832, 27
2443, 10.104393561138407, 27
2444, 10.082621644956095, 27
2445, 9.121271915752027, 26
2446, 9.087269799965497, 26
2447, 8.052061520624479, 25
2448, 8.053316573533738, 25
2449, 8.053369025939014, 25
2450, 8.095221187285759, 25
2451, 8.085393580810853, 25
2452, 7.1151325243423695, 24
2453, 7.147682373335937, 24
2454, 7.147636851628543, 24
2455, 7.098864538827295, 24
2456, 7.098052501523399, 24
2457, 7.09935218581813, 24
2458, 7.098487531728779, 24
2459, 7.179273619255374, 24
2460, 7.097379167612148, 24
2461, 7.137189050857365, 24
2462, 7.136255021699477, 24
