0, 0, 8
1, 2.772588722239781, 8
2, 23.286262041250335, 8
3, 34.553127025719235, 8
4, 29.16316201839237, 8
5, 22.18070977791825, 8
6, 11.851595025181222, 8
7, 7.588479939543525, 8
8, 8.600765291266743, 8
9, 8.317766166719345, 8
10, 6.931471805599454, 8
11, 10.678278722136582, 8
12, 7.352913868230758, 8
13, 10.773144828605849, 8
14, 10.773144828605849, 8
15, 9.622416538798726, 8
16, 8.657107045200135, 8
17, 8.122220195690273, 8
18, 9.407167348194776, 8
19, 9.407167348194776, 8
20, 16.119976093658977, 8
21, 13.08062055917803, 8
22, 13.526907661806451, 8
23, 13.526907661806451, 8
24, 13.068253107964072, 8
25, 14.239209647355178, 8
26, 12.163953243244935, 8
27, 12.163953243244935, 8
28, 12.492128394267368, 8
29, 17.503594944092313, 8
30, 18.48484077698925, 8
31, 3.494792373576263, 8
32, 0.8868529492123103, 8
33, 3.4047723609546754, 8
34, 15.943991872793857, 9
35, 7.702547927081987, 9
36, 8.062054494441556, 9
37, 23.39553525256209, 10
38, 22.01809151871471, 10
39, 23.924801364037553, 11
40, 30.431036186421974, 11
41, 30.713389582686474, 11
42, 29.376003961377222, 11
43, 26.24664436839718, 11
44, 25.99929258979861, 11
45, 41.58396100652521, 12
46, 41.20139597328488, 12
47, 40.988661627883396, 12
48, 37.02585280848525, 12
49, 17.760137120508748, 11
50, 17.526892496938483, 11
51, 14.743852428372154, 11
52, 21.004742100991606, 12
53, 20.762037902906286, 12
54, 25.536096853402228, 13
55, 28.676463583137974, 13
56, 28.266262058928373, 13
57, 28.19525184874433, 13
58, 32.73985090081829, 13
59, 36.64929852705692, 14
60, 33.67358585851823, 14
61, 32.2394560399944, 14
62, 32.1590874059944, 14
63, 33.25584928310315, 14
64, 33.17058600402772, 14
65, 30.56732373018806, 14
66, 29.262934633903914, 14
67, 30.24015295644577, 14
68, 29.008391220968083, 14
69, 29.741833855258964, 14
70, 28.804296502774125, 14
71, 28.77192292960012, 14
72, 29.739332540295116, 14
73, 28.698546940161876, 14
74, 28.699240485097906, 14
75, 30.347063436691528, 14
76, 28.501624124114105, 14
77, 28.42775152098275, 14
78, 28.420014388091797, 14
79, 29.33092201516606, 14
80, 28.274830177648923, 14
81, 29.12454573841723, 14
82, 29.62455281649057, 14
83, 26.97659254985917, 14
84, 26.967459749494523, 14
85, 33.21225442216882, 15
86, 19.33531640166784, 13
87, 32.308888533629535, 15
88, 31.33394328459237, 15
89, 31.11684412211597, 15
90, 31.231439667815014, 15
91, 30.457355374001857, 15
92, 33.88059315924544, 16
93, 34.66961663023787, 16
94, 36.81846349312226, 16
95, 36.0478888983653, 16
96, 36.0470841854852, 16
97, 36.01815149505883, 16
98, 36.012894621855054, 16
99, 35.89155030787126, 16
100, 26.785824189175653, 15
101, 26.846683454884683, 15
102, 27.38969736423998, 15
103, 26.704485418441006, 15
104, 33.913605408693414, 16
105, 33.95761779948925, 16
106, 32.67351996220811, 16
107, 32.65943305394799, 16
108, 24.808689120751964, 15
109, 17.865099526793255, 14
110, 24.35385386823751, 15
111, 13.083366647420526, 13
112, 11.814058965957594, 13
113, 11.286766411357398, 13
114, 11.320131793028194, 13
115, 11.713152655663482, 13
116, 11.007200856483966, 13
117, 11.033639840429284, 13
118, 10.868485535942995, 13
119, 14.795692582123229, 14
120, 14.79319224007756, 14
121, 14.790766654558828, 14
122, 15.23459314025404, 14
123, 15.091268168248913, 14
124, 14.73297266744283, 14
125, 15.115824408577058, 14
126, 16.020441533024442, 14
127, 15.525141359459237, 14
128, 15.423539240195849, 14
129, 14.629197534024781, 14
130, 14.936330721024547, 14
131, 14.60848493277282, 14
132, 14.602591977948835, 14
133, 14.612666623197166, 14
134, 14.936275282709815, 14
135, 14.581523088941545, 14
136, 14.571089254294247, 14
137, 14.898376400551818, 14
138, 14.546692274159604, 14
139, 14.20303515730661, 14
140, 14.20463948337424, 14
141, 14.206746965861672, 14
142, 14.199695343765054, 14
143, 14.23670139892072, 14
144, 18.585210406616767, 15
145, 18.88803961495978, 15
146, 18.910026637280275, 15
147, 18.621978802688716, 15
148, 18.94871624619027, 15
149, 18.216132377074338, 15
150, 18.49814513592923, 15
151, 18.200068796491294, 15
152, 18.47962681248477, 15
153, 18.185529713467155, 15
154, 18.5012168697924, 15
155, 18.509523983888922, 15
156, 18.51002239649703, 15
157, 17.741909635254498, 15
158, 17.453374939345593, 15
159, 17.771788776828394, 15
160, 12.789320541893296, 14
161, 12.599962874728215, 14
162, 14.759193601431168, 15
163, 12.502943353637841, 14
164, 12.236556870392668, 14
165, 8.515534821053807, 13
166, 8.399566727579426, 13
167, 8.38276006978329, 13
168, 8.682204158756663, 13
169, 8.364477572161407, 13
170, 8.248611355835473, 13
171, 8.234059738277594, 13
172, 8.516281962572595, 13
173, 8.22285773293377, 13
174, 8.250385470108684, 13
175, 8.522223294276099, 13
176, 8.542539147570281, 13
177, 8.212722741210678, 13
178, 11.562054458418206, 14
179, 13.135079271198608, 15
180, 11.725060381648365, 14
181, 11.0998793928021, 14
182, 11.08627680884697, 14
183, 11.087824336461646, 14
184, 11.08433233258389, 14
185, 13.363844647279075, 15
186, 13.034218147119605, 15
187, 14.609981339557473, 15
188, 17.82606013083777, 16
189, 18.23455329005722, 16
190, 17.55294656483186, 16
191, 17.186445194404925, 16
192, 18.806981262899402, 17
193, 17.000879643141687, 16
194, 16.62804959108286, 16
195, 16.248805870729758, 16
196, 16.250044491179143, 16
197, 19.91341783519644, 17
198, 19.90295775830496, 17
199, 20.626880212014097, 17
200, 19.868863296600104, 17
201, 19.59808055235673, 17
202, 20.271402946890515, 17
203, 20.036658953537458, 17
204, 19.594359610476154, 17
205, 19.984886750118513, 17
206, 19.029306966490697, 17
207, 19.03556698807493, 17
208, 20.704920914953778, 18
209, 18.819807778130752, 17
210, 18.802502457187618, 17
211, 15.027709837874768, 16
212, 14.89594505174216, 16
213, 18.245450314628414, 17
214, 22.21615411422712, 18
215, 21.87506184098749, 18
216, 22.16176609559129, 18
217, 21.861545788855253, 18
218, 21.86208391987161, 18
219, 21.860531015337912, 18
220, 21.85836649234763, 18
221, 21.85028660810253, 18
222, 21.849176678052395, 18
223, 21.845076652657436, 18
224, 22.172955144756497, 18
225, 21.9664924661668, 18
226, 21.639798893316033, 18
227, 21.63509285588842, 18
228, 21.625032286637236, 18
229, 21.904134913916035, 18
230, 21.886669372944752, 18
231, 21.90826980326183, 18
232, 22.16278105322681, 18
233, 21.87526053295826, 18
234, 22.18532315015645, 18
235, 21.859401197703214, 18
236, 21.51936517950253, 18
237, 21.54087817445088, 18
238, 21.007136452208613, 18
239, 21.005016417022397, 18
240, 20.997316222922425, 18
241, 17.34305779563928, 17
242, 17.034945236617784, 17
243, 17.05843601441363, 17
244, 17.002094605043066, 17
245, 18.850068965783752, 18
246, 20.291300617002193, 18
247, 20.29824959240012, 18
248, 20.5826738303139, 18
249, 20.569153332392595, 18
250, 20.283706923017025, 18
251, 20.569427628418318, 18
252, 24.25263758270901, 19
253, 24.547902485968535, 19
254, 24.50585828430082, 19
255, 24.233746296601552, 19
256, 24.225275316504373, 19
257, 24.21849125636136, 19
258, 21.751422111586237, 19
259, 19.32960902290177, 18
260, 19.332052015083384, 18
261, 19.3301955155572, 18
262, 19.332507706496987, 18
263, 19.87028335568413, 18
264, 19.303128168755837, 18
265, 17.585716353204273, 18
266, 19.3803499715795, 18
267, 18.991195329791623, 18
268, 17.127088736956086, 18
269, 19.25096703794588, 18
270, 19.24608626532942, 18
271, 18.915408231788604, 18
272, 18.09319886659714, 18
273, 18.099711045493173, 18
274, 18.349334719619627, 18
275, 18.57068981861974, 18
276, 18.086830010492406, 18
277, 18.330364572977317, 18
278, 21.515567382380375, 19
279, 21.624846672467463, 19
280, 27.941016813550153, 21
281, 29.420461723880134, 21
282, 29.095991520359618, 21
283, 29.089111965441564, 21
284, 29.085812727179974, 21
285, 29.398329581537155, 21
286, 29.06573473516246, 21
287, 29.07047237210288, 21
288, 29.0716669510608, 21
289, 29.369009008614523, 21
290, 29.372862839336772, 21
291, 29.310842597150238, 21
292, 29.02516216506323, 21
293, 29.028515921928992, 21
294, 29.00438119248506, 21
295, 29.260532916737287, 21
296, 33.36330638344084, 22
297, 33.36036605324481, 22
298, 33.35700022885853, 22
299, 31.50375894531959, 22
300, 28.569079592285696, 21
301, 28.61899716626655, 21
302, 32.51270292162611, 22
303, 32.479070413840944, 22
304, 32.2642855970602, 22
305, 32.01572102609434, 22
306, 29.43149080555149, 22
307, 27.456663046755445, 21
308, 27.77267648713875, 21
309, 27.401170122382897, 21
310, 27.87444620213793, 21
311, 27.19744511623543, 21
312, 27.236327659589087, 21
313, 26.89834394395789, 21
314, 26.903587054670826, 21
315, 30.522491628290886, 22
316, 30.18662265977909, 22
317, 30.201984546109127, 22
318, 30.466631220679698, 22
319, 29.772815613915867, 22
320, 33.97994214050078, 23
321, 33.91023596130462, 23
322, 33.95780641363046, 23
323, 31.21718371916087, 23
324, 33.4295032496787, 23
325, 28.224741395300953, 22
326, 27.85889854327072, 22
327, 28.472378599023376, 22
328, 27.816596241608597, 22
329, 28.130710992891466, 22
330, 27.821967795360315, 22
331, 28.1097892135426, 22
332, 27.638761023751478, 22
333, 27.9401567211048, 22
334, 27.587807096742118, 22
335, 27.84882882224946, 22
336, 27.36812446906822, 22
337, 27.34766126599615, 22
338, 27.63232605779206, 22
339, 27.19834197422772, 22
340, 27.2057863003634, 22
341, 27.484502862345547, 22
342, 27.16132990687643, 22
343, 27.715866116969778, 22
344, 27.139592577535996, 22
345, 27.14311982515058, 22
346, 27.11983423324946, 22
347, 27.11540246517971, 22
348, 27.41140464520535, 22
349, 30.799525563368537, 23
350, 30.729586005915387, 23
351, 34.04464326283245, 24
352, 34.05583519688115, 24
353, 33.971569380117465, 24
354, 37.470639363064684, 25
355, 37.790728161359716, 25
356, 37.78829630402666, 25
357, 37.502064896136176, 25
358, 37.28161136475162, 25
359, 34.83405730232699, 25
360, 36.68920159401928, 25
361, 36.670848998064564, 25
362, 36.432139092391395, 25
363, 36.43297967273926, 25
364, 36.846024330349074, 25
365, 36.793706249231775, 25
366, 36.14231142905783, 25
367, 35.97775698807465, 25
368, 31.37526379915599, 24
369, 31.462658531498928, 24
370, 31.17105513476953, 24
371, 31.16169132056104, 24
372, 31.39742836445875, 24
373, 31.142201586665216, 24
374, 31.142557529151745, 24
375, 29.214359541779388, 24
376, 27.377113696147283, 23
377, 27.64619255070828, 23
378, 27.85007252449599, 23
379, 27.341862260275708, 23
380, 24.463765133732622, 22
381, 22.479746616323663, 22
382, 20.655820862725527, 21
383, 20.986916452568803, 21
384, 20.536752435075872, 21
385, 20.278151630017998, 21
386, 20.839631120587057, 21
387, 20.265668297339932, 21
388, 20.252412138210147, 21
389, 20.274685929424827, 21
390, 20.478439717844182, 21
391, 20.239181652039807, 21
392, 23.118902520633128, 22
393, 23.13149540192429, 22
394, 23.13638912072399, 22
395, 22.879771486488004, 22
396, 22.867735889245857, 22
397, 22.88274551019959, 22
398, 22.872662444287137, 22
399, 21.567404503905863, 22
400, 22.76525662422528, 22
401, 25.691166790611426, 23
402, 23.762132755311853, 23
403, 23.810306764473975, 23
404, 22.3134842693557, 22
405, 28.05041734485929, 24
406, 31.073034831525355, 25
407, 31.582502502718874, 25
408, 31.0581057151121, 25
409, 31.293321452892982, 25
410, 29.522204654907245, 25
411, 27.194432601699766, 24
412, 25.802866647768038, 24
413, 27.03457685968047, 24
414, 27.028879260385537, 24
415, 27.1305504661014, 24
416, 26.911880553366053, 24
417, 27.126616213451786, 24
418, 27.112245647561906, 24
419, 27.351737105364005, 24
420, 25.538121367937087, 24
421, 24.200711452441737, 23
422, 25.601347127339324, 24
423, 23.781205052193243, 23
424, 23.572354847806288, 23
425, 23.571498011780434, 23
426, 21.962072606034656, 23
427, 26.159192970823877, 24
428, 26.149186555696524, 24
429, 26.39069230102039, 24
430, 28.35320302234816, 25
431, 26.715677121943816, 24
432, 25.98477703244892, 24
433, 26.198273226718687, 24
434, 26.180205350210116, 24
435, 25.815352470920143, 24
436, 26.020116867870406, 24
437, 25.801074015724748, 24
438, 25.79909545547795, 24
439, 26.00020332620469, 24
440, 25.68434165674962, 24
441, 25.764035632581308, 24
442, 25.79794588854651, 24
443, 25.5551153909653, 24
444, 25.563687287119286, 24
445, 25.75571481937617, 24
446, 25.780952565401638, 24
447, 24.355937023034127, 24
448, 22.856554255354283, 23
449, 22.38410277201371, 23
450, 22.593611200095832, 23
451, 22.359394327374158, 23
452, 22.25873523262558, 23
453, 20.73577354502456, 23
454, 19.353901008049213, 22
455, 19.340002643061947, 22
456, 19.703116478961377, 22
457, 19.654543867521845, 22
458, 19.665443293402877, 22
459, 22.591787513019646, 23
460, 24.710807489976105, 24
461, 24.922519863499442, 24
462, 25.356351335497884, 24
463, 24.36328301839639, 24
464, 27.11618770520964, 25
465, 27.01471947687573, 25
466, 27.20182495050345, 25
467, 27.190643161174787, 25
468, 30.13627098777176, 26
469, 30.132684305058014, 26
470, 30.12069792000033, 26
471, 30.355852462659215, 26
472, 33.41108053455252, 27
473, 33.40946764009167, 27
474, 33.347151232645885, 27
475, 33.35752942564383, 27
476, 33.84598871769731, 27
477, 30.02198344353759, 26
478, 29.86945523977827, 26
479, 26.81293637479279, 25
480, 27.20121899654463, 25
481, 26.658271427971698, 25
482, 26.923658454003967, 25
483, 26.641736210652947, 25
484, 26.655642218179715, 25
485, 26.62935454377011, 25
486, 29.686185705747754, 26
487, 29.433691523525052, 26
488, 29.428429213967792, 26
489, 29.676725634983708, 26
490, 32.60143650005103, 27
491, 32.600534861437055, 27
492, 32.86189012290592, 27
493, 32.486769128128, 27
494, 27.874870425332908, 26
495, 29.028331236664382, 26
496, 29.034435460723024, 26
497, 29.550554854821506, 26
498, 26.85729413597237, 25
499, 26.355563425409503, 25
500, 27.31060578943959, 26
501, 28.29509365973555, 26
502, 28.193606909733177, 26
503, 27.96274579060968, 26
504, 30.963339135413307, 27
505, 30.847403504352684, 27
506, 30.847891770208527, 27
507, 30.5935729213349, 27
508, 30.857455111402967, 27
509, 30.839608347809214, 27
510, 33.57742220156806, 28
511, 31.4350960365654, 28
512, 29.693694923600614, 27
513, 29.928314590425934, 27
514, 29.67945981648672, 27
515, 27.00612286100901, 26
516, 29.185439722780913, 27
517, 29.19051199116307, 27
518, 29.70146695646231, 28
519, 26.201918737829455, 26
520, 25.95830182261149, 26
521, 25.952956951292528, 26
522, 28.803609114316664, 27
523, 25.7751174867163, 26
524, 25.901692107474958, 26
525, 26.079709184156826, 26
526, 24.054548849451052, 26
527, 22.489459768361595, 25
528, 22.487297097261067, 25
529, 22.8107076078844, 25
530, 24.89813163955545, 26
531, 24.688897402876787, 26
532, 24.688215458265045, 26
533, 25.253930007593244, 26
534, 24.603871042998485, 26
535, 24.591568455198516, 26
536, 24.767577851868058, 26
537, 24.673053678751092, 26
538, 24.72648840681148, 26
539, 24.49385678480089, 26
540, 23.108509703203833, 26
541, 24.21286081166469, 26
542, 24.177651228315156, 26
543, 22.672791259439016, 26
544, 24.151992368478965, 26
545, 23.739441774473068, 26
546, 21.275382803842756, 25
547, 21.4614906998565, 25
548, 21.08561384104471, 25
549, 21.292546793052935, 25
550, 21.28085512205988, 25
551, 20.905792730267866, 25
552, 21.063471167945874, 25
553, 21.26847113647513, 25
554, 21.054274642730707, 25
555, 22.104555503070078, 26
556, 23.08222885261042, 26
557, 23.45122632053507, 26
558, 23.08880997210199, 26
559, 25.55246916086602, 27
560, 25.533427970986455, 27
561, 22.954182709613846, 26
562, 22.862761592501936, 26
563, 22.78135901939979, 26
564, 22.974034704372425, 26
565, 22.77774956598205, 26
566, 22.758394439064727, 26
567, 22.93835277021213, 26
568, 22.759619277795597, 26
569, 22.923308768715337, 26
570, 22.7453556791492, 26
571, 22.74018113175446, 26
572, 22.753044076783276, 26
573, 22.924484938896498, 26
574, 22.939460088927294, 26
575, 22.92374556126154, 26
576, 22.921121042161776, 26
577, 25.43300604058422, 27
578, 26.94738406414445, 28
579, 25.35713836253349, 27
580, 26.243452661754226, 28
581, 27.49860754347976, 28
582, 27.292677448548016, 28
583, 27.29620582889293, 28
584, 24.72256769752606, 27
585, 24.71472955584044, 27
586, 24.708651573036153, 27
587, 24.72504202672567, 27
588, 24.701405759483578, 27
589, 27.104212462430418, 28
590, 24.765581189297347, 27
591, 24.335776392708205, 27
592, 25.45064135313566, 28
593, 25.408536683495882, 28
594, 25.35619554240992, 28
595, 26.54988684005661, 28
596, 26.55466528030798, 28
597, 26.55478510851491, 28
598, 26.922432071712752, 28
599, 26.832691739582952, 28
600, 26.635363058650086, 28
601, 26.45471175547852, 28
602, 26.45426117212369, 28
603, 26.454044491474548, 28
604, 26.632829290125436, 28
605, 23.964594476474677, 27
606, 23.965642346446845, 27
607, 24.143400941446817, 27
608, 23.940226738338186, 27
609, 24.12006398671547, 27
610, 26.535576970833194, 28
611, 26.150968317446736, 28
612, 26.148445223475726, 28
613, 26.149248870444207, 28
614, 26.14074566576642, 28
615, 26.13810576529073, 28
616, 26.319509393078793, 28
617, 26.23194779870326, 28
618, 26.227050829937973, 28
619, 26.23102250783879, 28
